5456 29.1775787
5456.125 29.1288601
5456.25 29.0805777
5456.375 29.0327376
5456.5 28.9853463
5456.625 28.9384103
5456.75 28.8919364
5456.875 28.8459319
5457 28.800404
5457.125 28.7553606
5457.25 28.7108095
5457.375 28.6667585
5457.5 28.6232147
5457.625 28.5801841
5457.75 28.5376697
5457.875 28.4956706
5458 28.4541802
5458.125 28.4131856
5458.25 28.3726681
5458.375 28.332605
5458.5 28.2929712
5458.625 28.2537407
5458.75 28.2148875
5458.875 28.1763857
5459 28.1382103
5459.125 28.1003363
5459.25 28.0627398
5459.375 28.0253971
5459.5 27.9882847
5459.625 27.9513795
5459.75 27.9146585
5459.875 27.8780992
5460 27.8416793
5460.125 27.8053775
5460.25 27.7691727
5460.375 27.7330447
5460.5 27.6969737
5460.625 27.6609405
5460.75 27.6249265
5460.875 27.5889139
5461 27.5528853
5461.125 27.5168239
5461.25 27.4807133
5461.375 27.4445371
5461.5 27.4082799
5461.625 27.3719267
5461.75 27.3354636
5461.875 27.2988775
5462 27.2621564
5462.125 27.225289
5462.25 27.1882648
5462.375 27.1510741
5462.5 27.113708
5462.625 27.0761584
5462.75 27.0384183
5462.875 27.0004816
5463 26.9623438
5463.125 26.9240014
5463.25 26.8854528
5463.375 26.8466975
5463.5 26.8077367
5463.625 26.7685728
5463.75 26.7292096
5463.875 26.6896521
5464 26.6499071
5464.125 26.6099832
5464.25 26.5698905
5464.375 26.52964
5464.5 26.4892436
5464.625 26.4487139
5464.75 26.4080641
5464.875 26.3673086
5465 26.3264632
5465.125 26.2855459
5465.25 26.2445772
5465.375 26.2035807
5465.5 26.1625838
5465.625 26.1216185
5465.75 26.080723
5465.875 26.0399436
5466 25.9993356
5466.125 25.9589658
5466.25 25.9189141
5466.375 25.8792756
5466.5 25.8401645
5466.625 25.8017175
5466.75 25.7640989
5466.875 25.7275065
5467 25.6921791
5467.125 25.658405
5467.25 25.6265313
5467.375 25.5969729
5467.5 25.5702211
5467.625 25.5468484
5467.75 25.5275103
5467.875 25.5129386
5468 25.5039224
5468.125 25.5012712
5468.25 25.5057545
5468.375 25.5197062
5468.5 25.5367211
5468.625 25.5567055
5468.75 25.5795289
5468.875 25.6050249
5469 25.63299
5469.125 25.6631846
5469.25 25.6953344
5469.375 25.7291363
5469.5 25.7642674
5469.625 25.8003984
5469.75 25.8372067
5469.875 25.8743873
5470 25.9116579
5470.125 25.9487628
5470.25 25.9854804
5470.375 26.0216302
5470.5 26.0570722
5470.625 26.0916975
5470.75 26.1254145
5470.875 26.1581373
5471 26.1897789
5471.125 26.2202485
5471.25 26.2494506
5471.375 26.2772853
5471.5 26.3036503
5471.625 26.3284447
5471.75 26.3515748
5471.875 26.3729615
5472 26.3925464
5472.125 26.4102956
5472.25 26.4262039
5472.375 26.4403004
5472.5 26.4526578
5472.625 26.4634017
5472.75 26.4727169
5472.875 26.4808461
5473 26.4880792
5473.125 26.4947359
5473.25 26.5011427
5473.375 26.5076133
5473.5 26.5144348
5473.625 26.5218622
5473.75 26.5301182
5473.875 26.5393932
5474 26.549846
5474.125 26.5616026
5474.25 26.5747573
5474.375 26.5893745
5474.5 26.6054915
5474.625 26.6231216
5474.75 26.6422559
5474.875 26.6628633
5475 26.6848905
5475.125 26.7082625
5475.25 26.732889
5475.375 26.7586762
5475.5 26.7855417
5475.625 26.8134252
5475.75 26.8422922
5475.875 26.8721318
5476 26.9029554
5476.125 26.9347984
5476.25 26.9677183
5476.375 27.0017878
5476.5 27.0370883
5476.625 27.0737103
5476.75 27.1117631
5476.875 27.1513877
5477 27.1927622
5477.125 27.2360936
5477.25 27.2815957
5477.375 27.3294651
5477.5 27.3798646
5477.625 27.4329208
5477.75 27.4887216
5477.875 27.5473153
5478 27.6087108
5478.125 27.672879
5478.25 27.739755
5478.375 27.8092418
5478.5 27.8812155
5478.625 27.9555338
5478.75 28.0320443
5478.875 28.110593
5479 28.191028
5479.125 28.2731995
5479.25 28.3569555
5479.375 28.4421366
5479.5 28.5285703
5479.625 28.6160688
5479.75 28.7044321
5479.875 28.793453
5480 28.8829225
5480.125 28.9726328
5480.25 29.0623834
5480.375 29.1519913
5480.5 29.2413059
5480.625 29.3302262
5480.75 29.418712
5480.875 29.5067876
5481 29.5945377
5481.125 29.6820972
5481.25 29.7696395
5481.375 29.8573621
5481.5 29.9454693
5481.625 30.0341512
5481.75 30.1235627
5481.875 30.2138065
5482 30.3049241
5482.125 30.3968978
5482.25 30.4896632
5482.375 30.5831357
5482.5 30.677243
5482.625 30.7719516
5482.75 30.867276
5482.875 30.9632703
5483 31.0600113
5483.125 31.1575826
5483.25 31.256064
5483.375 31.3555253
5483.5 31.4560242
5483.625 31.5576087
5483.75 31.6603203
5483.875 31.7641989
5484 31.869287
5484.125 31.97563
5484.25 32.0832687
5484.375 32.1922266
5484.5 32.3025
5484.625 32.4140553
5484.75 32.526829
5484.875 32.6407263
5485 32.7556157
5485.125 32.8713253
5485.25 32.9876391
5485.375 33.1042998
5485.5 33.2210183
5485.625 33.3374918
5485.75 33.4534237
5485.875 33.5685367
5486 33.6825753
5486.125 33.7953018
5486.25 33.9064908
5486.375 34.0159273
5486.5 34.123406
5486.625 34.2287306
5486.75 34.3317151
5486.875 34.4321901
5487 34.5300182
5487.125 34.6251163
5487.25 34.7174807
5487.375 34.8072045
5487.5 34.8944826
5487.625 34.9796026
5487.75 35.0629288
5487.875 35.1448865
5488 35.22595
5488.125 35.3066347
5488.25 35.3874881
5488.375 35.4690777
5488.5 35.5519779
5488.625 35.6367598
5488.75 35.7239794
5488.875 35.8141628
5489 35.9077835
5489.125 36.0052406
5489.25 36.1068437
5489.375 36.2128086
5489.5 36.3232634
5489.625 36.4382579
5489.75 36.5577706
5489.875 36.6817122
5490 36.8099258
5490.125 36.942188
5490.25 37.0782102
5490.375 37.2176458
5490.5 37.3601039
5490.625 37.505173
5490.75 37.6524459
5490.875 37.8015404
5491 37.9521054
5491.125 38.103816
5491.25 38.2563642
5491.375 38.4094501
5491.5 38.5627785
5491.625 38.7160568
5491.75 38.8689943
5491.875 39.021304
5492 39.1727034
5492.125 39.322915
5492.25 39.4716654
5492.375 39.6186839
5492.5 39.7637004
5492.625 39.9064442
5492.75 40.0466416
5492.875 40.2002799
5493 40.3414747
5493.125 40.4699546
5493.25 40.586045
5493.375 40.690444
5493.5 40.7840538
5493.625 40.8678603
5493.75 40.9428536
5493.875 41.00998
5494 41.0701165
5494.125 41.1240596
5494.25 41.1725228
5494.375 41.2161397
5494.5 41.2554691
5494.625 41.2910023
5494.75 41.3231693
5494.875 41.3523454
5495 41.3788574
5495.125 41.4029904
5495.25 41.4249935
5495.375 41.4450861
5495.5 41.4634628
5495.625 41.4802979
5495.75 41.495749
5495.875 41.5099591
5496 41.5230582
5496.125 41.5351644
5496.25 41.5463849
5496.375 41.5568166
5496.5 41.5665474
5496.625 41.5756583
5496.75 41.5842247
5496.875 41.5923166
5497 41.5999997
5497.125 41.6073351
5497.25 41.6143802
5497.375 41.6211887
5497.5 41.6278122
5497.625 41.6343
5497.75 41.6406994
5497.875 41.6470565
5498 41.6534157
5498.125 41.6598197
5498.25 41.6663099
5498.375 41.6729264
5498.5 41.6797077
5498.625 41.6866914
5498.75 41.6939141
5498.875 41.7014111
5499 41.7092171
5499.125 41.7173647
5499.25 41.7258843
5499.375 41.7348025
5499.5 41.7441407
5499.625 41.7539138
5499.75 41.7641297
5499.875 41.7747896
5500 41.7858878
5500.125 41.7974124
5500.25 41.809345
5500.375 41.8216606
5500.5 41.8343281
5500.625 41.8473106
5500.75 41.8605656
5500.875 41.8740459
5501 41.8876998
5501.125 41.9014723
5501.25 41.915306
5501.375 41.9291431
5501.5 41.9429258
5501.625 41.9565977
5501.75 41.9701035
5501.875 41.9833891
5502 41.9964013
5502.125 42.0090884
5502.25 42.0213997
5502.375 42.0332861
5502.5 42.0446998
5502.625 42.0555947
5502.75 42.0659261
5502.875 42.0756511
5503 42.0847286
5503.125 42.0931195
5503.25 42.1007868
5503.375 42.1076959
5503.5 42.1138137
5503.625 42.119109
5503.75 42.1235521
5503.875 42.127115
5504 42.1297718
5504.125 42.1314991
5504.25 42.1322764
5504.375 42.1320868
5504.5 42.1309164
5504.625 42.1287552
5504.75 42.1255967
5504.875 42.1214381
5505 42.1162802
