5456.0000000000 -1.8330282000
5456.1250000000 -1.1902976500
5456.2500000000 -0.5136174530
5456.3750000000 0.1853814170
5456.5000000000 0.8944433990
5456.6250000000 1.6009192300
5456.7500000000 2.2920079700
5456.8750000000 2.9550052900
5457.0000000000 3.5775527200
5457.1250000000 4.1478828100
5457.2500000000 4.6550549300
5457.3750000000 5.0891767600
5457.5000000000 5.4416067300
5457.6250000000 5.7051331100
5457.7500000000 5.8741258800
5457.8750000000 5.9446581000
5458.0000000000 5.9145941600
5458.1250000000 5.7836429300
5458.2500000000 5.5533747100
5458.3750000000 5.2272013400
5458.5000000000 4.8103200600
5458.6250000000 4.3096220200
5458.7500000000 3.7335673700
5458.8750000000 3.0920293700
5459.0000000000 2.3961108000
5459.1250000000 1.6579362700
5459.2500000000 0.8904246300
5459.3750000000 0.1070461630
5459.5000000000 -0.6784306810
5459.6250000000 -1.4521979100
5459.7500000000 -2.2006668800
5459.8750000000 -2.9107222800
5460.0000000000 -3.5699663700
5460.1250000000 -4.1669486900
5460.2500000000 -4.6913767500
5460.3750000000 -5.1343039600
5460.5000000000 -5.4882910200
5460.6250000000 -5.7475380800
5460.7500000000 -5.9079850800
5460.8750000000 -5.9673788600
5461.0000000000 -5.9253056400
5461.1250000000 -5.7831888700
5461.2500000000 -5.5442524500
5461.3750000000 -5.2134504700
5461.5000000000 -4.7973649300
5461.6250000000 -4.3040736800
5461.7500000000 -3.7429913100
5461.8750000000 -3.1246860500
5462.0000000000 -2.4606764900
5462.1250000000 -1.7632118400
5462.2500000000 -1.0450401800
5462.3750000000 -0.3191688360
5462.5000000000 0.4013783260
5462.6250000000 1.1038023700
5462.7500000000 1.7757649700
5462.8750000000 2.4056139300
5463.0000000000 2.9825944700
5463.1250000000 3.4970424300
5463.2500000000 3.9405558700
5463.3750000000 4.3061419200
5463.5000000000 4.5883364200
5463.6250000000 4.7832940300
5463.7500000000 4.8888473100
5463.8750000000 4.9045337800
5464.0000000000 4.8315904500
5464.1250000000 4.6729160700
5464.2500000000 4.4330017200
5464.3750000000 4.1178312500
5464.5000000000 3.7347533600
5464.6250000000 3.2923277200
5464.7500000000 2.8001482400
5464.8750000000 2.2686466800
5465.0000000000 1.7088804700
5465.1250000000 1.1323088400
5465.2500000000 0.5505615580
5465.3750000000 -0.0247951319
5465.5000000000 -0.5824907520
5465.6250000000 -1.1117764300
5465.7500000000 -1.6026397100
5465.8750000000 -2.0460040300
5466.0000000000 -2.4339086400
5466.1250000000 -2.7596652800
5466.2500000000 -3.0179882200
5466.3750000000 -3.2050947600
5466.5000000000 -3.3187741200
5466.6250000000 -3.3584227700
5466.7500000000 -3.3250455100
5466.8750000000 -3.2212219400
5467.0000000000 -3.0510387800
5467.1250000000 -2.8199893600
5467.2500000000 -2.5348420800
5467.3750000000 -2.2034807300
5467.5000000000 -1.8347197500
5467.6250000000 -1.4380985200
5467.7500000000 -1.0236590100
5467.8750000000 -0.6017117410
5468.0000000000 -0.1825953040
5468.1250000000 0.2235652730
5468.2500000000 0.6070955880
5468.3750000000 0.9589989510
5468.5000000000 1.2711680800
5468.6250000000 1.5365763200
5468.7500000000 1.7494437500
5468.8750000000 1.9053739300
5469.0000000000 2.0014578500
5469.1250000000 2.0363423000
5469.2500000000 2.0102605900
5469.3750000000 1.9250246700
5469.5000000000 1.7839783000
5469.6250000000 1.5919122500
5469.7500000000 1.3549430200
5469.8750000000 1.0803578500
5470.0000000000 0.7764295180
5470.1250000000 0.4522050780
5470.2500000000 0.1172737090
5470.3750000000 -0.2184808790
5470.5000000000 -0.5451373610
5470.6250000000 -0.8529966950
5470.7500000000 -1.1328384800
5470.8750000000 -1.3761672600
5471.0000000000 -1.5754423600
5471.1250000000 -1.7242853300
5471.2500000000 -1.8176593400
5471.3750000000 -1.8520157300
5471.5000000000 -1.8254034900
5471.6250000000 -1.7375384700
5471.7500000000 -1.5898301800
5471.8750000000 -1.3853646900
5472.0000000000 -1.1288438900
5472.1250000000 -0.8264818740
5472.2500000000 -0.4858607280
5472.3750000000 -0.1157488720
5472.5000000000 0.2741137930
5472.6250000000 0.6732588390
5472.7500000000 1.0707544400
5472.8750000000 1.4554861100
5473.0000000000 1.8164460900
5473.1250000000 2.1430238700
5473.2500000000 2.4252906000
5473.3750000000 2.6542697900
5473.5000000000 2.8221873500
5473.6250000000 2.9226940500
5473.7500000000 2.9510546600
5473.8750000000 2.9042981100
5474.0000000000 2.7813247600
5474.1250000000 2.5829671200
5474.2500000000 2.3120021600
5474.3750000000 1.9731141800
5474.5000000000 1.5728086600
5474.6250000000 1.1192786000
5474.7500000000 0.6222263220
5474.8750000000 0.0926446479
5475.0000000000 -0.4574374420
5475.1250000000 -1.0152386000
5475.2500000000 -1.5675315100
5475.3750000000 -2.1009644600
5475.5000000000 -2.6023899900
5475.6250000000 -3.0591926200
5475.7500000000 -3.4596071600
5475.8750000000 -3.7930197900
5476.0000000000 -4.0502438500
5476.1250000000 -4.2237635400
5476.2500000000 -4.3079387700
5476.3750000000 -4.2991660300
5476.5000000000 -4.1959905500
5476.6250000000 -3.9991667500
5476.7500000000 -3.7116649000
5476.8750000000 -3.3386234800
5477.0000000000 -2.8872478600
5477.1250000000 -2.3666575300
5477.2500000000 -1.7876851900
5477.3750000000 -1.1626323500
5477.5000000000 -0.5049872220
5477.6250000000 0.1708884560
5477.7500000000 0.8500959950
5477.8750000000 1.5175516700
5478.0000000000 2.1583453200
5478.1250000000 2.7580967800
5478.2500000000 3.3033014400
5478.3750000000 3.7816561900
5478.5000000000 4.1823576900
5478.6250000000 4.4963654900
5478.7500000000 4.7166232800
5478.8750000000 4.8382325600
5479.0000000000 4.8585744300
5479.1250000000 4.7773760500
5479.2500000000 4.5967200600
5479.3750000000 4.3209964900
5479.5000000000 3.9567980300
5479.6250000000 3.5127613300
5479.7500000000 2.9993577300
5479.8750000000 2.4286388500
5480.0000000000 1.8139428400
5480.1250000000 1.1695688500
5480.2500000000 0.5104275260
5480.3750000000 -0.1483238340
5480.5000000000 -0.7916521860
5480.6250000000 -1.4050166500
5480.7500000000 -1.9747241100
5480.8750000000 -2.4882635300
5481.0000000000 -2.9346105800
5481.1250000000 -3.3044948300
5481.2500000000 -3.5906226700
5481.3750000000 -3.7878502000
5481.5000000000 -3.8933016800
5481.6250000000 -3.9064303100
5481.7500000000 -3.8290197500
5481.8750000000 -3.6651260800
5482.0000000000 -3.4209617400
5482.1250000000 -3.1047239900
5482.2500000000 -2.7263723700
5482.3750000000 -2.2973605900
5482.5000000000 -1.8303296900
5482.6250000000 -1.3387702000
5482.7500000000 -0.8366619090
5482.8750000000 -0.3381005920
5483.0000000000 0.1430788400
5483.1250000000 0.5936728750
5483.2500000000 1.0014640000
5483.3750000000 1.3555500900
5483.5000000000 1.6466397600
5483.6250000000 1.8673060000
5483.7500000000 2.0121909600
5483.8750000000 2.0781565000
5484.0000000000 2.0643761100
5484.1250000000 1.9723653600
5484.2500000000 1.8059498100
5484.3750000000 1.5711706900
5484.5000000000 1.2761303600
5484.6250000000 0.9307812610
5484.7500000000 0.5466632020
5484.8750000000 0.1365957380
5485.0000000000 -0.2856669030
5485.1250000000 -0.7058095400
5485.2500000000 -1.1093489100
5485.3750000000 -1.4820356000
5485.5000000000 -1.8102546100
5485.6250000000 -2.0814141100
5485.7500000000 -2.2843121200
5485.8750000000 -2.4094713900
5486.0000000000 -2.4494333300
5486.1250000000 -2.3990031100
5486.2500000000 -2.2554388500
5486.3750000000 -2.0185795100
5486.5000000000 -1.6909074300
5486.6250000000 -1.2775431200
5486.7500000000 -0.7861716490
5486.8750000000 -0.2269017000
5487.0000000000 0.3879400930
5487.1250000000 1.0440749900
5487.2500000000 1.7255922900
5487.3750000000 2.4153165300
5487.5000000000 3.0952129800
5487.6250000000 3.7468220700
5487.7500000000 4.3517122100
5487.8750000000 4.8919402400
5488.0000000000 5.3505082700
5488.1250000000 5.7118057900
5488.2500000000 5.9620261700
5488.3750000000 6.0895473000
5488.5000000000 6.0852667700
5488.6250000000 5.9428831800
5488.7500000000 5.6591162600
5488.8750000000 5.2338601100
5489.0000000000 4.6702650300
5489.1250000000 3.9747456700
5489.2500000000 3.1569141600
5489.3750000000 2.2294394200
5489.5000000000 1.2078349100
5489.6250000000 0.1101791040
5489.7500000000 -1.0432256100
5489.8750000000 -2.2302485500
5490.0000000000 -3.4273723900
5490.1250000000 -4.6101716200
5490.2500000000 -5.7538174300
5490.3750000000 -6.8335982300
5490.5000000000 -7.8254448100
5490.6250000000 -8.7064485400
5490.7500000000 -9.4553618800
5490.8750000000 -10.0530702000
5491.0000000000 -10.4830248000
5491.1250000000 -10.7316285000
5491.2500000000 -10.7885638000
5491.3750000000 -10.6470596000
5491.5000000000 -10.3040872000
5491.6250000000 -9.7604837800
5491.7500000000 -9.0210000400
5491.8750000000 -8.0942698600
5492.0000000000 -6.9927033000
5492.1250000000 -5.7323042900
5492.2500000000 -4.3324164000
5492.3750000000 -2.8154014000
5492.5000000000 -1.2062566600
5492.6250000000 0.4678215330
5492.7500000000 2.1779204800
5492.8750000000 3.8939304900
5493.0000000000 5.5850914400
5493.1250000000 7.2205563700
5493.2500000000 8.7699615800
5493.3750000000 10.2039928000
5493.5000000000 11.4949368000
5493.6250000000 12.6172084000
5493.7500000000 13.5478433000
5493.8750000000 14.2669467000
5494.0000000000 14.7580912000
5494.1250000000 15.0086545000
5494.2500000000 15.0100917000
5494.3750000000 14.7581369000
5494.5000000000 14.2529301000
5494.6250000000 13.4990656000
5494.7500000000 12.5055623000
5494.8750000000 11.2857545000
5495.0000000000 9.8571053800
5495.1250000000 8.2409447300
5495.2500000000 6.4621366200
5495.3750000000 4.5486807000
5495.5000000000 2.5312545100
5495.6250000000 0.4427038720
5495.7500000000 -1.6825099300
5495.8750000000 -3.8088970000
5496.0000000000 -5.9005496400
5496.1250000000 -7.9217666800
5496.2500000000 -9.8376802500
5496.3750000000 -11.6148743000
5496.5000000000 -13.2219833000
5496.6250000000 -14.6302610000
5496.7500000000 -15.8141080000
5496.8750000000 -16.7515488000
5497.0000000000 -17.4246493000
5497.1250000000 -17.8198663000
5497.2500000000 -17.9283219000
5497.3750000000 -17.7459976000
5497.5000000000 -17.2738431000
5497.6250000000 -16.5177974000
5497.7500000000 -15.4887206000
5497.8750000000 -14.2022362000
5498.0000000000 -12.6784879000
5498.1250000000 -10.9418114000
5498.2500000000 -9.0203292700
5498.3750000000 -6.9454739600
5498.5000000000 -4.7514479800
5498.6250000000 -2.4746302200
5498.7500000000 -0.1529392900
5498.8750000000 2.1748345100
5499.0000000000 4.4697164900
5499.1250000000 6.6932412100
5499.2500000000 8.8081394900
5499.3750000000 10.7790058000
5499.5000000000 12.5729331000
5499.6250000000 14.1601036000
5499.7500000000 15.5143225000
5499.8750000000 16.6134865000
5500.0000000000 17.4399761000
5500.1250000000 17.9809645000
5500.2500000000 18.2286379000
5500.3750000000 18.1803218000
5500.5000000000 17.8385107000
5500.6250000000 17.2108026000
5500.7500000000 16.3097365000
5500.8750000000 15.1525399000
5501.0000000000 13.7607874000
5501.1250000000 12.1599818000
5501.2500000000 10.3790618000
5501.3750000000 8.4498494100
5501.5000000000 6.4064467300
5501.6250000000 4.2845945900
5501.7500000000 2.1210057100
5501.8750000000 -0.0473141699
5502.0000000000 -2.1837438300
5502.1250000000 -4.2527095800
5502.2500000000 -6.2203207000
5502.3750000000 -8.0549652200
5502.5000000000 -9.7278547000
5502.6250000000 -11.2135079000
5502.7500000000 -12.4901648000
5502.8750000000 -13.5401230000
5503.0000000000 -14.3499926000
5503.1250000000 -14.9108638000
5503.2500000000 -15.2183865000
5503.3750000000 -15.2727623000
5503.5000000000 -15.0786486000
5503.6250000000 -14.6449811000
5503.7500000000 -13.9847173000
5503.8750000000 -13.1145092000
5504.0000000000 -12.0543126000
5504.1250000000 -10.8269421000
5504.2500000000 -9.4575819500
5504.3750000000 -7.9732641000
5504.5000000000 -6.4023229900
5504.6250000000 -4.7738402500
5504.7500000000 -3.1170895500
5504.8750000000 -1.4609929300
5505.0000000000 0.1664009060
