5456 -7.4135787
5456.125 -4.11786013
5456.25 -1.51057771
5456.375 -0.732737605
5456.5 -1.68234626
5456.625 -2.62741027
5456.75 -2.59893643
5456.875 -2.03593187
5457 -1.45340404
5457.125 -0.140360645
5457.25 3.51919048
5457.375 10.2802415
5457.5 19.9707853
5457.625 32.5488159
5457.75 44.5703303
5457.875 51.1143294
5458 45.8038198
5458.125 31.2338144
5458.25 14.0893319
5458.375 1.90239498
5458.5 -4.5299712
5458.625 -7.32974069
5458.75 -8.99188745
5458.875 -9.78038573
5459 -9.53721025
5459.125 -8.51833633
5459.25 -7.04573984
5459.375 -5.95139709
5459.5 -6.11728471
5459.625 -7.52137952
5459.75 -8.97865854
5459.875 -9.64809919
5460 -9.63167933
5460.125 -9.34237747
5460.25 -8.90417269
5460.375 -8.68304467
5460.5 -9.11097366
5460.625 -9.59794047
5460.75 -8.90892652
5460.875 -7.13691391
5461 -5.40588532
5461.125 -5.39982394
5461.25 -7.04171327
5461.375 -9.29653714
5461.5 -10.6972799
5461.625 -10.5999267
5461.75 -9.37246356
5461.875 -8.07687747
5462 -7.16515636
5462.125 -6.57928896
5462.25 -6.44326479
5462.375 -6.84807412
5462.5 -7.41870801
5462.625 -7.80515841
5462.75 -8.19941826
5462.875 -8.73348162
5463 -8.92334379
5463.125 -7.95100145
5463.25 -5.88645279
5463.375 -3.76169751
5463.5 -2.68073672
5463.625 -3.05157284
5463.75 -3.99720957
5463.875 -3.39165206
5464 -0.298907112
5464.125 4.45101675
5464.25 8.20110951
5464.375 9.81336002
5464.5 9.54975639
5464.625 7.94728609
5464.75 5.51193587
5464.875 3.32569139
5465 2.61153679
5465.125 2.8534541
5465.25 2.22342278
5465.375 -0.014580748
5465.5 -2.89858379
5465.625 -5.06161846
5465.75 -5.49772303
5465.875 -3.91794357
5466 -1.07433561
5466.125 1.30803415
5466.25 2.61108593
5466.375 3.5267244
5466.5 4.3568355
5466.625 4.24028251
5466.75 2.30590112
5466.875 -0.807506509
5467 -3.29417913
5467.125 -3.64440501
5467.25 -2.22753126
5467.375 -1.26197294
5467.5 -2.2412211
5467.625 -4.70384837
5467.75 -6.53951025
5467.875 -6.37893857
5468 -3.83692241
5468.125 0.350728836
5468.25 5.36224546
5468.375 9.86029385
5468.5 11.5532789
5468.625 9.26029455
5468.75 3.83547105
5468.875 -1.2120249
5469 -4.05499005
5469.125 -4.61918457
5469.25 -4.12833435
5469.375 -3.32613627
5469.5 -2.54126745
5469.625 -0.921398376
5469.75 3.98679333
5469.875 13.5946127
5470 24.4833421
5470.125 29.4162372
5470.25 24.3365196
5470.375 12.5673698
5470.5 1.20992784
5470.625 -5.15569747
5470.75 -6.58841451
5470.875 -5.31313729
5471 -3.81477886
5471.125 -3.79624848
5471.25 -5.3904506
5471.375 -7.35028531
5471.5 -8.62865032
5471.625 -9.55444468
5471.75 -10.5715748
5471.875 -11.2569615
5472 -10.9905464
5472.125 -9.83929562
5472.25 -8.6262039
5472.375 -8.10130041
5472.5 -8.04765776
5472.625 -7.46840167
5472.75 -6.07471693
5472.875 -3.82084607
5473 0.713920775
5473.125 8.52826413
5473.25 17.4038573
5473.375 21.2333867
5473.5 18.1905652
5473.625 11.2861378
5473.75 5.83188181
5473.875 2.80760675
5474 0.710153995
5474.125 -1.5906026
5474.25 -3.7907573
5474.375 -4.84937448
5474.5 -3.96649151
5474.625 -1.04912163
5474.75 2.69474414
5474.875 5.6641367
5475 6.49510952
5475.125 5.20173751
5475.25 2.066111
5475.375 -2.14567624
5475.5 -5.93054169
5475.625 -8.1474252
5475.75 -8.35629222
5475.875 -7.85913177
5476 -7.91095539
5476.125 -8.77979842
5476.25 -9.87071829
5476.375 -10.5817878
5476.5 -10.9580883
5476.625 -11.1357103
5476.75 -10.7397631
5476.875 -9.91138768
5477 -9.18976222
5477.125 -8.99109361
5477.25 -9.07559575
5477.375 -9.38146506
5477.5 -9.9088646
5477.625 -10.3009208
5477.75 -9.57772164
5477.875 -6.01231533
5478 2.15928917
5478.125 16.524121
5478.25 32.369245
5478.375 42.9067582
5478.5 40.8187845
5478.625 29.3754662
5478.75 14.6909557
5478.875 3.38540699
5479 -3.01502804
5479.125 -5.13719945
5479.25 -4.35495546
5479.375 -2.0141366
5479.5 0.0714297167
5479.625 0.304931203
5479.75 -1.40843208
5479.875 -3.83945304
5480 -5.48592248
5480.125 -6.08763278
5480.25 -6.24238342
5480.375 -6.79099125
5480.5 -7.8453059
5480.625 -9.13322621
5480.75 -10.544712
5480.875 -11.9317876
5481 -12.9675377
5481.125 -13.4650972
5481.25 -12.7076395
5481.375 -9.62536207
5481.5 -3.11646925
5481.625 6.76484879
5481.75 15.6544373
5481.875 19.1831935
5482 14.7780759
5482.125 5.99610224
5482.25 -2.78166319
5482.375 -8.76213574
5482.5 -12.061243
5482.625 -13.5389516
5482.75 -14.190276
5482.875 -14.4912703
5483 -14.6820113
5483.125 -14.8315826
5483.25 -14.759064
5483.375 -14.6365253
5483.5 -14.8230242
5483.625 -14.7796087
5483.75 -13.2763203
5483.875 -10.2891989
5484 -6.43428702
5484.125 -2.38863004
5484.25 2.20373132
5484.375 8.70777338
5484.5 17.7255
5484.625 28.1079447
5484.75 36.573171
5484.875 40.7142737
5485 39.6423843
5485.125 32.2216747
5485.25 20.0123609
5485.375 6.74470024
5485.5 -2.66301828
5485.625 -6.86749184
5485.75 -7.46542374
5485.875 -7.55053668
5486 -8.55457532
5486.125 -10.8983018
5486.25 -13.5004908
5486.375 -15.5049273
5486.5 -16.625406
5486.625 -17.1247306
5486.75 -17.3157151
5486.875 -17.6091901
5487 -18.1870182
5487.125 -17.9121163
5487.25 -14.0394807
5487.375 -5.30820449
5487.5 6.5755174
5487.625 15.5763974
5487.75 18.0600712
5487.875 16.1821135
5488 16.99505
5488.125 21.9403653
5488.25 25.5025119
5488.375 23.1429223
5488.5 16.5150221
5488.625 13.2692402
5488.75 16.9080206
5488.875 25.8488372
5489 32.3202165
5489.125 30.2927594
5489.25 17.8971563
5489.375 2.07019139
5489.5 -11.2362634
5489.625 -14.5202579
5489.75 -19.6777706
5489.875 -21.4547122
5490 -21.8149258
5490.125 -20.361188
5490.25 -18.7132102
5490.375 -16.4456458
5490.5 -13.4921039
5490.625 -9.52717296
5490.75 -5.74344588
5490.875 -4.24054041
5491 -6.37510538
5491.125 -10.132816
5491.25 -13.6913642
5491.375 -16.5084501
5491.5 -19.0607785
5491.625 -20.8690568
5491.75 -20.8019943
5491.875 -18.868304
5492 -15.5487034
5492.125 -11.288915
5492.25 -5.51766539
5492.375 3.25431612
5492.5 14.5092996
5492.625 26.0245558
5492.75 33.3533584
5492.875 35.2087201
5493 33.1725253
5493.125 31.2800454
5493.25 31.112955
5493.375 30.376556
5493.5 24.9309462
5493.625 14.4911397
5493.75 1.48814638
5493.875 -9.28298003
5494 -15.8451165
5494.125 -18.1900596
5494.25 -17.9895228
5494.375 -15.1381397
5494.5 -8.47146912
5494.625 0.232997678
5494.75 7.4888307
5494.875 10.1466546
5495 8.81714256
5495.125 4.73000958
5495.25 -0.988993542
5495.375 -6.90208611
5495.5 -10.7014628
5495.625 -10.9282979
5495.75 -8.106749
5495.875 -3.28495906
5496 2.06294185
5496.125 5.47483557
5496.25 3.71461505
5496.375 -2.66081658
5496.5 -9.50754739
5496.625 -9.49165833
5496.75 -8.15422467
5496.875 -7.32331662
5497 -8.26299972
5497.125 -10.9863351
5497.25 -14.9083802
5497.375 -18.3721887
5497.5 -20.2938122
5497.625 -20.5983
5497.75 -20.1306994
5497.875 -19.3460565
5498 -18.8444157
5498.125 -18.8958197
5498.25 -19.4573099
5498.375 -20.0119264
5498.5 -20.2987077
5498.625 -20.1656914
5498.75 -18.5879141
5498.875 -13.9884111
5499 -3.97321706
5499.125 10.6756353
5499.25 27.6981157
5499.375 41.9481975
5499.5 50.3398593
5499.625 52.4100862
5499.75 52.0378703
5499.875 52.5512104
5500 54.8781122
5500.125 57.5525876
5500.25 58.269655
5500.375 55.8353394
5500.5 52.4606719
5500.625 49.7616894
5500.75 46.4974344
5500.875 39.1969541
5501 26.9443002
5501.125 13.4535277
5501.25 2.77069395
5501.375 -2.95014306
5501.5 -4.26592578
5501.625 -3.4675977
5501.75 -2.7131035
5501.875 -3.30738906
5502 -4.96540132
5502.125 -5.68008842
5502.25 -6.86039974
5502.375 -7.1182861
5502.5 -7.1056998
5502.625 -7.90559468
5502.75 -9.94192612
5502.875 -12.1626511
5503 -13.1537286
5503.125 -12.2171195
5503.25 -10.6017868
5503.375 -9.0876959
5503.5 -7.97781371
5503.625 -9.12110902
5503.75 -12.2565521
5503.875 -16.241115
5504 -19.9357718
5504.125 -22.6324991
5504.25 -23.8742764
5504.375 -24.3690868
5504.5 -24.8979164
5504.625 -25.6137552
5504.75 -25.9795967
5504.875 -25.5864381
5505 -24.9552802
