5456 -1.8330282 6.50090971
5456.125 -1.19029765 7.70634219
5456.25 -0.513617453 7.25434248
5456.375 0.185381417 7.52474003
5456.5 0.894443399 7.20104956
5456.625 1.60091923 7.2953006
5456.75 2.29200797 7.03000822
5456.875 2.95500529 7.04443434
5457 3.57755272 6.81577574
5457.125 4.14788281 6.78209268
5457.25 4.65505493 6.58301685
5457.375 5.08917676 6.51770954
5457.5 5.44160673 6.34704021
5457.625 5.70513311 6.26165396
5457.75 5.87412588 6.12068826
5457.875 5.9446581 6.02484123
5458 5.91459416 5.91560348
5458.125 5.78364293 5.8179076
5458.25 5.55337471 5.74200635
5458.375 5.22720134 5.65016074
5458.5 4.81032006 5.60794779
5458.625 4.30962202 5.5284377
5458.75 3.73356737 5.51844761
5458.875 3.09202937 5.45609974
5459 2.3961108 5.47484666
5459.125 1.65793627 5.43245791
5459.25 0.89042463 5.47463772
5459.375 0.107046163 5.45284601
5459.5 -0.678430681 5.5118817
5459.625 -1.45219791 5.50934178
5459.75 -2.20066688 5.57810315
5459.875 -2.91072228 5.59190846
5460 -3.56996637 5.66340965
5460.125 -4.16694869 5.68962912
5460.25 -4.69137675 5.75756609
5460.375 -5.13430396 5.79176748
5460.5 -5.48829102 5.85084854
5460.625 -5.74753808 5.88852896
5460.75 -5.90798508 5.93462149
5460.875 -5.96737886 5.97151966
5461 -5.92530564 6.00166601
5461.125 -5.78318887 6.03396646
5461.25 -5.54425245 6.04632152
5461.375 -5.21345047 6.0707752
5461.5 -4.79736493 6.06450483
5461.625 -4.30407368 6.07849152
5461.75 -3.74299131 6.05365596
5461.875 -3.12468605 6.05520874
5462 -2.46067649 6.01264357
5462.125 -1.76321184 6.0004497
5462.25 -1.04504018 5.94164955
5462.375 -0.319168836 5.9150366
5462.5 0.401378326 5.84204237
5462.625 1.10380237 5.8009549
5462.75 1.77576497 5.71624301
5462.875 2.40561393 5.66121189
5463 2.98259447 5.56758285
5463.125 3.49704243 5.49968728
5463.25 3.94055587 5.4001502
5463.375 4.30614192 5.32097082
5463.5 4.58833642 5.21862044
5463.625 4.78329403 5.13017985
5463.75 4.88884731 5.02806291
5463.875 4.90453378 4.9327488
5464 4.83159045 4.83371801
5464.125 4.67291607 4.73418299
5464.25 4.43300172 4.64074003
5464.375 4.11783125 4.53977269
5464.5 3.73475336 4.45390674
5464.625 3.29232772 4.35427171
5464.75 2.80014824 4.27730722
5464.875 2.26864668 4.18155874
5465 1.70888047 4.11403417
5465.125 1.13230884 4.02431766
5465.25 0.550561558 3.96592191
5465.375 -0.0247951319 3.88378931
5465.5 -0.582490752 3.83338047
5465.625 -1.11177643 3.75965205
5465.75 -1.60263971 3.71537098
5465.875 -2.04600403 3.6500736
5466 -2.43390864 3.60954453
5466.125 -2.75966528 3.5519425
5466.25 -3.01798822 3.51253161
5466.375 -3.20509476 3.46124517
5466.5 -3.31877412 3.420336
5466.625 -3.35842277 3.37352356
5466.75 -3.32504551 3.32876901
5466.875 -3.22122194 3.28433982
5467 -3.05103878 3.23386301
5467.125 -2.81998936 3.18968909
5467.25 -2.53484208 3.13222217
5467.375 -2.20348073 3.08632803
5467.5 -1.83471975 3.02129234
5467.625 -1.43809852 2.97201301
5467.75 -1.02365901 2.8995522
5467.875 -0.601711741 2.84566028
5468 -0.182595304 2.76664105
5468.125 0.223565273 2.70744978
5468.25 0.607095588 2.62344341
5468.375 0.958998951 2.55889611
5468.5 1.27116808 2.47215017
5468.625 1.53657632 2.40290669
5468.75 1.74944375 2.31630951
5468.875 1.90537393 2.24383646
5469 2.00145785 2.16086489
5469.125 2.0363423 2.08752507
5469.25 2.01026059 2.01214485
5469.375 1.92502467 1.94125363
5469.5 1.7839783 1.87770797
5469.625 1.59191225 1.81347318
5469.75 1.35494302 1.7658627
5469.875 1.08035785 1.71306179
5470 0.776429518 1.68464343
5470.125 0.452205078 1.64789644
5470.25 0.117273709 1.6402031
5470.375 -0.218480879 1.62290811
5470.5 -0.545137361 1.63509738
5470.625 -0.852996695 1.6384814
5470.75 -1.13283848 1.66742515
5470.875 -1.37616726 1.69029775
5471 -1.57544236 1.73148879
5471.125 -1.72428533 1.77082776
5471.25 -1.81765934 1.81958341
5471.375 -1.85201573 1.87150226
5471.5 -1.82540349 1.92387537
5471.625 -1.73753847 1.9844561
5471.75 -1.58983018 2.03765341
5471.875 -1.38536469 2.10344171
5472 -1.12884389 2.15586736
5472.125 -0.826481874 2.22408221
5472.25 -0.485860728 2.27518726
5472.375 -0.115748872 2.34376294
5472.5 0.274113793 2.39382043
5472.625 0.673258839 2.46136828
5472.75 1.07075444 2.51122831
5472.875 1.45548611 2.57696302
5473 1.81644609 2.62780752
5473.125 2.14302387 2.69145527
5473.25 2.4252906 2.74456152
5473.375 2.65426979 2.80625501
5473.5 2.82218735 2.86277804
5473.625 2.92269405 2.92294087
5473.75 2.95105466 2.98372886
5473.875 2.90429811 3.04295374
5474 2.78132476 3.10841273
5474.125 2.58296712 3.16734122
5474.25 2.31200216 3.23736218
5474.375 1.97311418 3.29657576
5474.5 1.57280866 3.37052952
5474.625 1.1192786 3.43046166
5474.75 0.622226322 3.50725686
5474.875 0.0926446479 3.5681327
5475 -0.457437442 3.6463227
5475.125 -1.0152386 3.70812884
5475.25 -1.56753151 3.7860482
5475.375 -2.10096446 3.84853036
5475.5 -2.60238999 3.92444046
5475.625 -3.05919262 3.98712392
5475.75 -3.45960716 4.05935058
5475.875 -3.79301979 4.1215765
5476 -4.05024385 4.18862707
5476.125 -4.22376354 4.24959793
5476.25 -4.30793877 4.31025047
5476.375 -4.29916603 4.36907896
5476.5 -4.19599055 4.42244036
5476.625 -3.99916675 4.47819714
5476.75 -3.7116649 4.52372986
5476.875 -3.33862348 4.57548729
5477 -2.88724786 4.6130063
5477.125 -2.36665753 4.65987629
5477.25 -1.78768519 4.68951921
5477.375 -1.16263235 4.73068408
5477.5 -0.504987222 4.75285829
5477.625 0.170888456 4.78759445
5477.75 0.850095995 4.80290576
5477.875 1.51755167 4.8306002
5478 2.15834532 4.83976888
5478.125 2.75809678 4.8599288
5478.25 3.30330144 4.86369924
5478.375 3.78165619 4.87595555
5478.5 4.18235769 4.87500689
5478.625 4.49636549 4.87911225
5478.75 4.71662328 4.87397738
5478.875 4.83823256 4.86979985
5479 4.85857443 4.86080009
5479.125 4.77737605 4.84831339
5479.25 4.59672006 4.83551507
5479.375 4.32099649 4.81478664
5479.5 3.95679803 4.79798398
5479.625 3.51276133 4.76916201
5479.75 2.99935773 4.74788819
5479.875 2.42863885 4.71118886
5480 1.81394284 4.68475457
5480.125 1.16956885 4.64045024
5480.25 0.510427526 4.60800628
5480.375 -0.148323834 4.55641563
5480.5 -0.791652186 4.51703393
5480.625 -1.40501665 4.45851435
5480.75 -1.97472411 4.41128066
5480.875 -2.48826353 4.34622327
5481 -2.93461058 4.29033404
5481.125 -3.30449483 4.21916147
5481.25 -3.59062267 4.15401831
5481.375 -3.7878502 4.07718543
5481.5 -3.89330168 4.00248153
5481.625 -3.90643031 3.92047966
5481.75 -3.82901975 3.83627429
5481.875 -3.66512608 3.74964005
5482 -3.42096174 3.65641964
5482.125 -3.10472399 3.56575059
5482.25 -2.72637237 3.4644768
5482.375 -2.29736059 3.3704576
5482.5 -1.83032969 3.26260578
5482.625 -1.3387702 3.1660509
5482.75 -0.836661909 3.05364453
5482.875 -0.338100592 2.95556648
5483 0.14307884 2.84121578
5483.125 0.593672875 2.74293155
5483.25 1.001464 2.62988486
5483.375 1.35555009 2.53317546
5483.5 1.64663976 2.42538712
5483.625 1.867306 2.33272135
5483.75 2.01219096 2.23491955
5483.875 2.0781565 2.14972857
5484 2.06437611 2.06741487
5484.125 1.97236536 1.9943327
5484.25 1.80594981 1.93354885
5484.375 1.57117069 1.87839374
5484.5 1.27613036 1.84500382
5484.625 0.930781261 1.81414605
5484.75 0.546663202 1.81251882
5484.875 0.136595738 1.81146867
5485 -0.285666903 1.84304559
5485.125 -0.70580954 1.87483685
5485.25 -1.10934891 1.93766775
5485.375 -1.4820356 2.00217944
5485.5 -1.81025461 2.09196495
5485.625 -2.08141411 2.18661358
5485.75 -2.28431212 2.29844555
5485.875 -2.40947139 2.41948204
5486 -2.44943333 2.54913235
5486.125 -2.39900311 2.69265042
5486.25 -2.25543885 2.83704042
5486.375 -2.01857951 2.99944485
5486.5 -1.69090743 3.15655701
5486.625 -1.27754312 3.33466255
5486.75 -0.786171649 3.50323394
5486.875 -0.2269017 3.6942082
5487 0.387940093 3.87340358
5487.125 1.04407499 4.07467925
5487.25 1.72559229 4.26382133
5487.375 2.41531653 4.47302779
5487.5 3.09521298 4.67140256
5487.625 3.74682207 4.88632875
5487.75 4.35171221 5.09306179
5487.875 4.89194024 5.311647
5488 5.35050827 5.52564019
5488.125 5.71180579 5.74598514
5488.25 5.96202617 5.96590225
5488.375 6.0895473 6.1862929
5488.5 6.08526677 6.41058345
5488.625 5.94288318 6.62952079
5488.75 5.65911626 6.85647242
5488.875 5.23386011 7.07270318
5489 4.67026503 7.30051388
5489.125 3.97474567 7.51305787
5489.25 3.15691416 7.73992025
5489.375 2.22943942 7.94809104
5489.5 1.20783491 8.17228179
5489.625 0.110179104 8.3756979
5489.75 -1.04322561 8.59566594
5489.875 -2.23024855 8.79425057
5490 -3.42737239 9.00869822
5490.125 -4.61017162 9.20266565
5490.25 -5.75381743 9.41061748
5490.375 -6.83359823 9.60044532
5490.5 -7.82544481 9.80129986
5490.625 -8.70644854 9.98768667
5490.75 -9.45536188 10.1812468
5490.875 -10.0530702 10.3650558
5491 -10.4830248 10.5515346
5491.125 -10.7316285 10.7337253
5491.25 -10.7885638 10.9137251
5491.375 -10.6470596 11.0952751
5491.5 -10.3040872 11.2697395
5491.625 -9.76048378 11.451562
5491.75 -9.02100004 11.6217016
5491.875 -8.09426986 11.8045626
5492 -6.9927033 11.9717592
5492.125 -5.73230429 12.1562011
5492.25 -4.3324164 12.3218956
5492.375 -2.8154014 12.5081735
5492.5 -1.20625666 12.6737453
5492.625 0.467821533 12.8617815
5492.75 2.17792048 13.0284294
5492.875 3.89393049 13.2177905
5493 5.58509144 13.3864243
5493.125 7.22055637 13.5763232
5493.25 8.76996158 13.7474746
5493.375 10.2039928 13.9367982
5493.5 11.4949368 14.1105583
5493.625 12.6172084 14.2979174
5493.75 13.5478433 14.4739055
5493.875 14.2669467 14.6577044
5494 14.7580912 14.8350687
5494.125 15.0086545 15.0135881
5494.25 15.0100917 15.1910384
5494.375 14.7581369 15.3625259
5494.5 14.2529301 15.5383939
5494.625 13.4990656 15.7011566
5494.75 12.5055623 15.8734791
5494.875 11.2857545 16.0259728
5495 9.85710538 16.1925926
5495.125 8.24094473 16.3335026
5495.25 6.46213662 16.4921805
5495.375 4.5486807 16.6204918
5495.5 2.53125451 16.7690236
5495.625 0.442703872 16.8840761
5495.75 -1.68250993 17.0204103
5495.875 -3.808897 17.1219379
5496 -5.90054964 17.2442881
5496.125 -7.92176668 17.3324393
5496.25 -9.83768025 17.4393868
5496.375 -11.6148743 17.5147255
5496.5 -13.2219833 17.6053076
5496.625 -14.630261 17.6687926
5496.75 -15.814108 17.7425718
5496.875 -16.7515488 17.7955144
5497 -17.4246493 17.8526247
5497.125 -17.8198663 17.8966233
5497.25 -17.9283219 17.9377875
5497.375 -17.7459976 17.9746404
5497.5 -17.2738431 18.0011563
5497.625 -16.5177974 18.0327529
5497.75 -15.4887206 18.0464432
5497.875 -14.2022362 18.0746382
5498 -12.6784879 18.077763
5498.125 -10.9418114 18.1042389
5498.25 -9.02032927 18.0993715
5498.375 -6.94547396 18.1254965
5498.5 -4.75144798 18.1153652
5498.625 -2.47463022 18.1420571
5498.75 -0.15293929 18.129362
5498.875 2.17483451 18.15697
5499 4.46971649 18.1441844
5499.125 6.69324121 18.1724005
5499.25 8.80813949 18.1615737
5499.375 10.7790058 18.1893847
5499.5 12.5729331 18.1819609
5499.625 14.1601036 18.2076485
5499.75 15.5143225 18.2043197
5499.875 16.6134865 18.2255116
5500 17.4399761 18.2261167
5500.125 17.9809645 18.2398861
5500.25 18.2286379 18.2433655
5500.375 18.1803218 18.2463721
5500.5 17.8385107 18.2507791
5500.625 17.2108026 18.2394389
5500.75 16.3097365 18.2420042
5500.875 15.1525399 18.2126758
5501 13.7607874 18.2099159
5501.125 12.1599818 18.1590886
5501.25 10.3790618 18.1469438
5501.375 8.44984941 18.0714163
5501.5 6.40644673 18.0454048
5501.625 4.28459459 17.9424445
5501.75 2.12100571 17.8978157
5501.875 -0.0473141699 17.7652921
5502 -2.18374383 17.6971662
5502.125 -4.25270958 17.5336548
5502.25 -6.2203207 17.4371308
5502.375 -8.05496522 17.241986
5502.5 -9.7278547 17.1122032
5502.625 -11.2135079 16.8855991
5502.75 -12.4901648 16.7177281
5502.875 -13.540123 16.4606679
5503 -14.3499926 16.2497949
5503.125 -14.9108638 15.9640862
5503.25 -15.2183865 15.7049221
5503.375 -15.2727623 15.393114
5503.5 -15.0786486 15.079389
5503.625 -14.6449811 14.7446535
5503.75 -13.9847173 14.3678796
5503.875 -13.1145092 14.0137964
5504 -12.0543126 13.5605846
5504.125 -10.8269421 13.1907089
5504.25 -9.45758195 12.6362048
5504.375 -7.9732641 12.2530425
5504.5 -6.40232299 11.5412637
5504.625 -4.77384025 11.1431878
5504.75 -3.11708955 10.102472
5504.875 -1.46099293 9.67039294
5505 0.166400906 7.09951425
