5456 21.764
5456.125 25.011
5456.25 27.57
5456.375 28.3
5456.5 27.303
5456.625 26.311
5456.75 26.293
5456.875 26.81
5457 27.347
5457.125 28.615
5457.25 32.23
5457.375 38.947
5457.5 48.594
5457.625 61.129
5457.75 73.108
5457.875 79.61
5458 74.258
5458.125 59.647
5458.25 42.462
5458.375 30.235
5458.5 23.763
5458.625 20.924
5458.75 19.223
5458.875 18.396
5459 18.601
5459.125 19.582
5459.25 21.017
5459.375 22.074
5459.5 21.871
5459.625 20.43
5459.75 18.936
5459.875 18.23
5460 18.21
5460.125 18.463
5460.25 18.865
5460.375 19.05
5460.5 18.586
5460.625 18.063
5460.75 18.716
5460.875 20.452
5461 22.147
5461.125 22.117
5461.25 20.439
5461.375 18.148
5461.5 16.711
5461.625 16.772
5461.75 17.963
5461.875 19.222
5462 20.097
5462.125 20.646
5462.25 20.745
5462.375 20.303
5462.5 19.695
5462.625 19.271
5462.75 18.839
5462.875 18.267
5463 18.039
5463.125 18.973
5463.25 20.999
5463.375 23.085
5463.5 24.127
5463.625 23.717
5463.75 22.732
5463.875 23.298
5464 26.351
5464.125 31.061
5464.25 34.771
5464.375 36.343
5464.5 36.039
5464.625 34.396
5464.75 31.92
5464.875 29.693
5465 28.938
5465.125 29.139
5465.25 28.468
5465.375 26.189
5465.5 23.264
5465.625 21.06
5465.75 20.583
5465.875 22.122
5466 24.925
5466.125 27.267
5466.25 28.53
5466.375 29.406
5466.5 30.197
5466.625 30.042
5466.75 28.07
5466.875 24.92
5467 22.398
5467.125 22.014
5467.25 23.399
5467.375 24.335
5467.5 23.329
5467.625 20.843
5467.75 18.988
5467.875 19.134
5468 21.667
5468.125 25.852
5468.25 30.868
5468.375 35.38
5468.5 37.09
5468.625 34.817
5468.75 29.415
5468.875 24.393
5469 21.578
5469.125 21.044
5469.25 21.567
5469.375 22.403
5469.5 23.223
5469.625 24.879
5469.75 29.824
5469.875 39.469
5470 50.395
5470.125 55.365
5470.25 50.322
5470.375 38.589
5470.5 27.267
5470.625 20.936
5470.75 19.537
5470.875 20.845
5471 22.375
5471.125 22.424
5471.25 20.859
5471.375 18.927
5471.5 17.675
5471.625 16.774
5471.75 15.78
5471.875 15.116
5472 15.402
5472.125 16.571
5472.25 17.8
5472.375 18.339
5472.5 18.405
5472.625 18.995
5472.75 20.398
5472.875 22.66
5473 27.202
5473.125 35.023
5473.25 43.905
5473.375 47.741
5473.5 44.705
5473.625 37.808
5473.75 32.362
5473.875 29.347
5474 27.26
5474.125 24.971
5474.25 22.784
5474.375 21.74
5474.5 22.639
5474.625 25.574
5474.75 29.337
5474.875 32.327
5475 33.18
5475.125 31.91
5475.25 28.799
5475.375 24.613
5475.5 20.855
5475.625 18.666
5475.75 18.486
5475.875 19.013
5476 18.992
5476.125 18.155
5476.25 17.097
5476.375 16.42
5476.5 16.079
5476.625 15.938
5476.75 16.372
5476.875 17.24
5477 18.003
5477.125 18.245
5477.25 18.206
5477.375 17.948
5477.5 17.471
5477.625 17.132
5477.75 17.911
5477.875 21.535
5478 29.768
5478.125 44.197
5478.25 60.109
5478.375 70.716
5478.5 68.7
5478.625 57.331
5478.75 42.723
5478.875 31.496
5479 25.176
5479.125 23.136
5479.25 24.002
5479.375 26.428
5479.5 28.6
5479.625 28.921
5479.75 27.296
5479.875 24.954
5480 23.397
5480.125 22.885
5480.25 22.82
5480.375 22.361
5480.5 21.396
5480.625 20.197
5480.75 18.874
5480.875 17.575
5481 16.627
5481.125 16.217
5481.25 17.062
5481.375 20.232
5481.5 26.829
5481.625 36.799
5481.75 45.778
5481.875 49.397
5482 45.083
5482.125 36.393
5482.25 27.708
5482.375 21.821
5482.5 18.616
5482.625 17.233
5482.75 16.677
5482.875 16.472
5483 16.378
5483.125 16.326
5483.25 16.497
5483.375 16.719
5483.5 16.633
5483.625 16.778
5483.75 18.384
5483.875 21.475
5484 25.435
5484.125 29.587
5484.25 34.287
5484.375 40.9
5484.5 50.028
5484.625 60.522
5484.75 69.1
5484.875 73.355
5485 72.398
5485.125 65.093
5485.25 53
5485.375 39.849
5485.5 30.558
5485.625 26.47
5485.75 25.988
5485.875 26.018
5486 25.128
5486.125 22.897
5486.25 20.406
5486.375 18.511
5486.5 17.498
5486.625 17.104
5486.75 17.016
5486.875 16.823
5487 16.343
5487.125 16.713
5487.25 20.678
5487.375 29.499
5487.5 41.47
5487.625 50.556
5487.75 53.123
5487.875 51.327
5488 52.221
5488.125 57.247
5488.25 60.89
5488.375 58.612
5488.5 52.067
5488.625 48.906
5488.75 52.632
5488.875 61.663
5489 68.228
5489.125 66.298
5489.25 54.004
5489.375 38.283
5489.5 25.087
5489.625 21.918
5489.75 16.88
5489.875 15.227
5490 14.995
5490.125 16.581
5490.25 18.365
5490.375 20.772
5490.5 23.868
5490.625 27.978
5490.75 31.909
5490.875 33.561
5491 31.577
5491.125 27.971
5491.25 24.565
5491.375 21.901
5491.5 19.502
5491.625 17.847
5491.75 18.067
5491.875 20.153
5492 23.624
5492.125 28.034
5492.25 33.954
5492.375 42.873
5492.5 54.273
5492.625 65.931
5492.75 73.4
5492.875 75.409
5493 73.514
5493.125 71.75
5493.25 71.699
5493.375 71.067
5493.5 65.715
5493.625 55.359
5493.75 42.431
5493.875 31.727
5494 25.225
5494.125 22.934
5494.25 23.183
5494.375 26.078
5494.5 32.784
5494.625 41.524
5494.75 48.812
5494.875 51.499
5495 50.196
5495.125 46.133
5495.25 40.436
5495.375 34.543
5495.5 30.762
5495.625 30.552
5495.75 33.389
5495.875 38.225
5496 43.586
5496.125 47.01
5496.25 45.261
5496.375 38.896
5496.5 32.059
5496.625 32.084
5496.75 33.43
5496.875 34.269
5497 33.337
5497.125 30.621
5497.25 26.706
5497.375 23.249
5497.5 21.334
5497.625 21.036
5497.75 21.51
5497.875 22.301
5498 22.809
5498.125 22.764
5498.25 22.209
5498.375 21.661
5498.5 21.381
5498.625 21.521
5498.75 23.106
5498.875 27.713
5499 37.736
5499.125 52.393
5499.25 69.424
5499.375 83.683
5499.5 92.084
5499.625 94.164
5499.75 93.802
5499.875 94.326
5500 96.664
5500.125 99.35
5500.25 100.079
5500.375 97.657
5500.5 94.295
5500.625 91.609
5500.75 88.358
5500.875 81.071
5501 68.832
5501.125 55.355
5501.25 44.686
5501.375 38.979
5501.5 37.677
5501.625 38.489
5501.75 39.257
5501.875 38.676
5502 37.031
5502.125 36.329
5502.25 35.161
5502.375 34.915
5502.5 34.939
5502.625 34.15
5502.75 32.124
5502.875 29.913
5503 28.931
5503.125 29.876
5503.25 31.499
5503.375 33.02
5503.5 34.136
5503.625 32.998
5503.75 29.867
5503.875 25.886
5504 22.194
5504.125 19.499
5504.25 18.258
5504.375 17.763
5504.5 17.233
5504.625 16.515
5504.75 16.146
5504.875 16.535
5505 17.161
