600.0000000000 0.3047170798
600.1250000000 -1.0399841062
600.2500000000 0.7504511958
600.3750000000 0.9405647164
600.5000000000 -1.9510351887
600.6250000000 -1.3021795069
600.7500000000 0.1278404032
600.8750000000 -0.3162425923
601.0000000000 -0.0168011575
601.1250000000 -0.8530439276
601.2500000000 0.8793979749
601.3750000000 0.7777919354
601.5000000000 0.0660306976
601.6250000000 1.1272412070
601.7500000000 0.4675093423
601.8750000000 -0.8592924629
602.0000000000 0.3687507841
602.1250000000 -0.9588826008
602.2500000000 0.8784503013
602.3750000000 -0.0499259110
602.5000000000 -0.1848623635
602.6250000000 -0.6809295444
602.7500000000 1.2225413387
602.8750000000 -0.1545294821
603.0000000000 -0.4283278222
603.1250000000 -0.3521335505
603.2500000000 0.5323091856
603.3750000000 0.3654440644
603.5000000000 0.4127326116
603.6250000000 0.4308210030
603.7500000000 2.1416476009
603.8750000000 -0.4064150164
604.0000000000 -0.5122427291
604.1250000000 -0.8137727282
604.2500000000 0.6159794226
604.3750000000 1.1289722927
604.5000000000 -0.1139474577
604.6250000000 -0.8401564770
604.7500000000 -0.8244812157
604.8750000000 0.6505927878
605.0000000000 0.7432541712
605.1250000000 0.5431542683
605.2500000000 -0.6655097073
605.3750000000 0.2321613231
605.5000000000 0.1166858091
605.6250000000 0.2186885967
605.7500000000 0.8714287779
605.8750000000 0.2235955488
606.0000000000 0.6789135631
606.1250000000 0.0675790695
606.2500000000 0.2891193987
606.3750000000 0.6312882258
606.5000000000 -1.4571558199
606.6250000000 -0.3196712164
606.7500000000 -0.4703726543
606.8750000000 -0.6388778482
607.0000000000 -0.2751422512
607.1250000000 1.4949413112
607.2500000000 -0.8658311157
607.3750000000 0.9682783546
607.5000000000 -1.6828697716
607.6250000000 -0.3348850300
607.7500000000 0.1627530651
607.8750000000 0.5862223314
608.0000000000 0.7112265798
608.1250000000 0.7933472352
608.2500000000 -0.3487250722
608.3750000000 -0.4623517927
608.5000000000 0.8579758813
608.6250000000 -0.1913043249
608.7500000000 -1.2756863233
608.8750000000 -1.1332872140
609.0000000000 -0.9194522860
609.1250000000 0.4971607441
609.2500000000 0.1424257361
609.3750000000 0.6904853541
609.5000000000 -0.4272526463
609.6250000000 0.1585396911
609.7500000000 0.6255903940
609.8750000000 -0.3093465397
610.0000000000 0.4567752376
610.1250000000 -0.6619259411
610.2500000000 -0.3630538466
610.3750000000 -0.3817378940
610.5000000000 -1.1958396456
610.6250000000 0.4869724808
610.7500000000 -0.4694023402
610.8750000000 0.0124941187
611.0000000000 0.4807466589
611.1250000000 0.4465311760
611.2500000000 0.6653851090
611.3750000000 -0.0984854845
611.5000000000 -0.4232983120
611.6250000000 -0.0797182109
611.7500000000 -1.6873344340
611.8750000000 -1.4471124724
612.0000000000 -1.3226996124
612.1250000000 -0.9972468276
612.2500000000 0.3997742267
612.3750000000 -0.9054790554
612.5000000000 -0.3781625540
612.6250000000 1.2992282978
612.7500000000 -0.3562639711
612.8750000000 0.7375155685
613.0000000000 -0.9336176800
613.1250000000 -0.2054375579
613.2500000000 -0.9500220549
613.3750000000 -0.3390330759
613.5000000000 0.8403081375
613.6250000000 -1.7273204232
613.7500000000 0.4344236435
613.8750000000 0.2377356023
614.0000000000 -0.5941499557
614.1250000000 -1.4460578544
614.2500000000 0.0721295077
614.3750000000 -0.5294927091
614.5000000000 0.2326762114
614.6250000000 0.0218521455
614.7500000000 1.6017788913
614.8750000000 -0.2393556275
615.0000000000 -1.0234974926
615.1250000000 0.1792756350
615.2500000000 0.2199966840
615.3750000000 1.3591875752
615.5000000000 0.8351112459
615.6250000000 0.3568710591
615.7500000000 1.4633028912
615.8750000000 -1.1887630543
616.0000000000 -0.6397515327
616.1250000000 -0.9265759414
616.2500000000 -0.3898098032
616.3750000000 -1.3766861476
616.5000000000 0.6351509468
616.6250000000 -0.2222226971
616.7500000000 -1.4708062945
616.8750000000 -1.0155790812
617.0000000000 0.3135138475
617.1250000000 0.8381265679
617.2500000000 1.9967308917
617.3750000000 2.9138624660
617.5000000000 0.4144094333
617.6250000000 -0.9895381200
617.7500000000 -2.1320462807
617.8750000000 0.2677114623
618.0000000000 -0.8129410953
618.1250000000 -0.4153572602
618.2500000000 -0.6120967991
618.3750000000 -0.1407908864
618.5000000000 1.0659802308
618.6250000000 0.1570485674
618.7500000000 -0.1586348370
618.8750000000 -1.0356537528
619.0000000000 -1.6746829447
619.1250000000 -0.4863079091
619.2500000000 -0.0537825508
619.3750000000 1.7679299136
619.5000000000 0.1302745215
619.6250000000 0.9827395110
619.7500000000 -0.4992955985
619.8750000000 -1.1849437664
620.0000000000 -0.9651167622
620.1250000000 -0.7252260645
620.2500000000 2.1284697324
620.3750000000 -0.8213866792
620.5000000000 0.8384892037
620.6250000000 -0.9029271781
620.7500000000 0.9315730129
620.8750000000 0.3849509661
621.0000000000 -0.1566378977
621.1250000000 -0.0407625261
621.2500000000 -0.6547876954
621.3750000000 0.4460722015
621.5000000000 -0.4549834803
621.6250000000 -1.2256057638
621.7500000000 -1.2779375743
621.8750000000 0.1725879177
622.0000000000 1.5790912564
622.1250000000 0.1599916136
622.2500000000 -0.1186383261
622.3750000000 0.2858261396
622.5000000000 1.3060017417
622.6250000000 0.2193825014
622.7500000000 -0.4109272308
622.8750000000 1.1062887101
623.0000000000 0.4287564385
623.1250000000 1.5357559920
623.2500000000 0.1832344372
623.3750000000 -1.2244690317
623.5000000000 -1.3681591992
623.6250000000 1.6509279322
623.7500000000 1.7236657208
623.8750000000 -0.1795192133
624.0000000000 -0.3831873211
624.1250000000 1.4614442922
624.2500000000 -1.1070456820
624.3750000000 -0.8947270190
624.5000000000 0.6433267947
624.6250000000 -0.3946051229
624.7500000000 -0.0051218667
624.8750000000 -0.1634428985
625.0000000000 0.3375745488
625.1250000000 1.4074818613
625.2500000000 0.0905849069
625.3750000000 0.6439387933
625.5000000000 -2.0501721010
625.6250000000 -0.0487184019
625.7500000000 -0.8432302703
625.8750000000 -1.2188130604
626.0000000000 -0.8781523669
626.1250000000 -0.3341234407
626.2500000000 0.9159025424
626.3750000000 -1.3263927177
626.5000000000 0.0306314926
626.6250000000 -0.4841694333
626.7500000000 -0.3276730944
626.8750000000 1.0027578253
627.0000000000 0.5381154370
627.1250000000 1.3373981074
627.2500000000 -0.1545056792
627.3750000000 -0.6959426117
627.5000000000 -0.2238588169
627.6250000000 0.2424967913
627.7500000000 0.1765733585
627.8750000000 -1.0843880722
628.0000000000 0.0904897816
628.1250000000 0.2282283301
628.2500000000 2.5174740375
628.3750000000 1.8768446113
628.5000000000 -0.8532433506
628.6250000000 -0.2873833615
628.7500000000 -1.4634420018
628.8750000000 -0.5907070140
629.0000000000 0.3156050036
629.1250000000 1.2058536209
629.2500000000 -0.7290838377
629.3750000000 -0.6541464401
629.5000000000 -2.1472890297
629.6250000000 -0.1626659205
629.7500000000 -1.0624144119
629.8750000000 -0.5294394274
630.0000000000 -0.8768607782
630.1250000000 -0.0942625543
630.2500000000 -1.7577283914
630.3750000000 -1.4670452454
630.5000000000 2.1292471120
630.6250000000 -1.2874225813
630.7500000000 -1.0967855785
630.8750000000 1.8369135283
631.0000000000 2.9050671692
631.1250000000 -1.1715666288
631.2500000000 -0.3682489568
631.3750000000 0.3415555509
631.5000000000 1.7286976444
631.6250000000 -0.9868570784
631.7500000000 -0.2452778459
631.8750000000 0.7773375761
632.0000000000 0.4347660745
632.1250000000 -0.3761560712
632.2500000000 -0.1338229645
632.3750000000 -1.3748958084
632.5000000000 -0.2381737440
632.6250000000 -0.2663874900
632.7500000000 0.2321698896
632.8750000000 -0.5553272188
633.0000000000 0.4715385225
633.1250000000 1.0127158178
633.2500000000 0.1554293277
633.3750000000 0.3517564084
633.5000000000 0.0531553476
633.6250000000 0.0000843931
633.7500000000 -0.7215580335
633.8750000000 0.3164942617
634.0000000000 -0.0972865984
634.1250000000 2.0931683089
634.2500000000 1.5733549025
634.3750000000 0.3858465526
634.5000000000 -0.7630572097
634.6250000000 -1.1124114720
634.7500000000 1.1911429531
634.8750000000 0.2627492251
635.0000000000 0.4801434034
635.1250000000 -1.7445859870
635.2500000000 0.9274384816
635.3750000000 0.4544203382
635.5000000000 -1.1104306844
635.6250000000 -0.4715248074
635.7500000000 0.2637172044
635.8750000000 0.0524667984
636.0000000000 -0.2921711858
636.1250000000 -0.1034882681
636.2500000000 -0.2519773782
636.3750000000 0.1525625121
636.5000000000 1.4714919730
636.6250000000 -2.5666584409
636.7500000000 -0.2368502645
636.8750000000 0.1765124214
637.0000000000 0.2959939897
637.1250000000 -0.3719145813
637.2500000000 -1.7567217825
637.3750000000 0.3279954837
637.5000000000 1.7273502142
637.6250000000 -1.5338614049
637.7500000000 0.8638280137
637.8750000000 -0.3285252231
638.0000000000 -0.0613243458
638.1250000000 -1.0528985107
638.2500000000 -0.3344561724
638.3750000000 1.3000445947
638.5000000000 0.5826552420
638.6250000000 1.7323116054
638.7500000000 1.1774118890
638.8750000000 0.4390866789
639.0000000000 1.7439345262
639.1250000000 0.4389931587
639.2500000000 0.8279881768
639.3750000000 -0.2965709535
639.5000000000 0.0665458159
639.6250000000 -0.6974238233
639.7500000000 0.9895839346
639.8750000000 -1.1783036231
640.0000000000 0.7823503424
640.1250000000 -0.1906510575
640.2500000000 1.1712470935
640.3750000000 0.7508689887
640.5000000000 1.8206461576
640.6250000000 0.7307746911
640.7500000000 -1.5720402557
640.8750000000 -0.0669531729
641.0000000000 -1.1720071926
641.1250000000 -0.5182798424
641.2500000000 1.5112284333
641.3750000000 0.6375338109
641.5000000000 -0.6989304286
641.6250000000 -1.0137173664
641.7500000000 0.0327820929
641.8750000000 -1.2165601494
642.0000000000 -0.6711402774
642.1250000000 0.3120094716
642.2500000000 1.1553120361
642.3750000000 0.6087614722
642.5000000000 -2.2912895086
642.6250000000 0.3043667290
642.7500000000 0.0720335732
642.8750000000 0.4138902854
643.0000000000 1.6162096817
643.1250000000 -2.0632382768
643.2500000000 -0.5911034252
643.3750000000 0.5909063228
643.5000000000 -1.5815943995
643.6250000000 1.4759490481
643.7500000000 0.3683566127
643.8750000000 0.8465839858
644.0000000000 -0.5709436615
644.1250000000 0.8137636900
644.2500000000 1.0684715560
644.3750000000 0.2328780201
644.5000000000 0.2344008927
644.6250000000 0.2703432393
644.7500000000 -0.8633452647
644.8750000000 -0.1475286802
645.0000000000 -0.1525225325
645.1250000000 0.3833938644
645.2500000000 0.9998242469
645.3750000000 -1.0585360820
645.5000000000 -0.1250090303
645.6250000000 1.4814555477
645.7500000000 -0.7435882288
645.8750000000 -0.8222500173
646.0000000000 0.2023061918
646.1250000000 0.8443851905
646.2500000000 0.0114260556
646.3750000000 1.3289605904
646.5000000000 0.8567939826
646.6250000000 0.8418200669
646.7500000000 0.5541165013
646.8750000000 2.3276531003
647.0000000000 -0.2051616889
647.1250000000 -2.0035222921
647.2500000000 1.6042543615
647.3750000000 -0.4576994310
647.5000000000 0.1078804443
647.6250000000 1.3095506849
647.7500000000 -1.6022595411
647.8750000000 -1.2516472141
648.0000000000 -1.6012779371
648.1250000000 -0.7941362900
648.2500000000 0.4396366060
648.3750000000 0.5241878428
648.5000000000 0.2762741793
648.6250000000 -1.4127658839
648.7500000000 -2.3101034366
648.8750000000 0.0543535854
649.0000000000 -0.4717760336
649.1250000000 0.4593857717
649.2500000000 0.7019536262
649.3750000000 0.1382414321
649.5000000000 0.7601330854
649.6250000000 0.2292113741
649.7500000000 0.5300647056
649.8750000000 -0.7046732629
650.0000000000 -0.1796114138
650.1250000000 0.1967760967
650.2500000000 0.8205284754
650.3750000000 -0.3937411722
650.5000000000 0.5211672557
650.6250000000 -0.2658387919
650.7500000000 -0.1175421673
650.8750000000 0.8295190420
651.0000000000 -1.9930603711
651.1250000000 -1.2964723281
651.2500000000 -1.4821853974
651.3750000000 -2.3336161198
651.5000000000 -0.6782644402
651.6250000000 0.7494338997
651.7500000000 -0.2848840664
651.8750000000 0.1977900819
652.0000000000 1.0892174967
652.1250000000 1.3276861323
652.2500000000 -0.0691379347
652.3750000000 1.3535858896
652.5000000000 0.0921266584
652.6250000000 -0.8373982238
652.7500000000 -0.5944003522
652.8750000000 -1.4805365126
653.0000000000 -0.8881338537
653.1250000000 -0.3580166881
653.2500000000 0.8035850194
653.3750000000 1.7207698312
653.5000000000 -1.3821815154
653.6250000000 0.3928274683
653.7500000000 -1.0405439392
653.8750000000 0.4746970885
654.0000000000 -0.1310866507
654.1250000000 -1.8309058258
654.2500000000 0.9282969916
654.3750000000 -0.6050007128
654.5000000000 -0.5339002384
654.6250000000 -1.0697524113
654.7500000000 -0.6542832767
654.8750000000 0.4278904407
655.0000000000 -0.1892443409
655.1250000000 0.3286620023
655.2500000000 0.3619218539
655.3750000000 1.3206616555
655.5000000000 -0.3427861509
655.6250000000 -1.4768578168
655.7500000000 1.0672224166
655.8750000000 -0.3314881721
656.0000000000 1.1145924446
656.1250000000 0.3833771132
656.2500000000 -0.1311375302
656.3750000000 0.3487758940
656.5000000000 1.9510125601
656.6250000000 2.0769805291
656.7500000000 0.0693811351
656.8750000000 0.1601905933
657.0000000000 1.0762401575
657.1250000000 -0.8456610328
657.2500000000 0.3330703726
657.3750000000 -0.0258628480
657.5000000000 0.3139082115
657.6250000000 -0.8333688059
657.7500000000 -1.5895674933
657.8750000000 -2.0729834360
658.0000000000 -1.1173841130
658.1250000000 -0.4586752849
658.2500000000 -0.2931915866
658.3750000000 1.9372311624
658.5000000000 1.1059933699
658.6250000000 -0.9620911163
658.7500000000 0.3477084525
658.8750000000 -0.4070782364
659.0000000000 -0.2843638380
659.1250000000 0.1853256494
659.2500000000 0.6191711170
659.3750000000 -0.3392584839
659.5000000000 1.0638515327
659.6250000000 -1.1419382261
659.7500000000 0.0063390624
659.8750000000 2.5976737266
660.0000000000 0.2230797426
660.1250000000 1.4332145066
660.2500000000 0.0915201782
660.3750000000 0.5807770953
660.5000000000 -0.0567831944
660.6250000000 -0.1704075812
660.7500000000 -0.7794823967
660.8750000000 0.4303013590
661.0000000000 -0.8515371892
661.1250000000 0.6655852363
661.2500000000 1.0852870044
661.3750000000 0.3665314072
661.5000000000 -0.2862487336
661.6250000000 0.4539655793
661.7500000000 -0.3086730555
661.8750000000 0.9355471255
662.0000000000 -1.8314060842
662.1250000000 -0.3356073681
662.2500000000 -1.9908119951
662.3750000000 -1.4950608302
662.5000000000 1.3638622298
662.6250000000 0.8951849820
662.7500000000 -0.7194802333
662.8750000000 -1.5025034560
663.0000000000 -2.9645288378
663.1250000000 -0.5434955079
663.2500000000 2.4204150122
663.3750000000 0.4348842715
663.5000000000 -0.5595722860
663.6250000000 0.4650802095
663.7500000000 -1.5609583530
663.8750000000 -0.2973233627
664.0000000000 0.0994774730
664.1250000000 -0.0861006518
664.2500000000 0.7908061217
664.3750000000 0.3446452262
664.5000000000 0.6683260181
664.6250000000 -0.6883722822
664.7500000000 0.8978154084
664.8750000000 1.6289369476
665.0000000000 -0.9701495197
665.1250000000 -0.8876956557
665.2500000000 1.3357843363
665.3750000000 -0.1913439867
665.5000000000 1.4038213921
665.6250000000 -0.4425357119
665.7500000000 1.4550455763
665.8750000000 0.1314858168
666.0000000000 0.2582288233
666.1250000000 1.5647180217
666.2500000000 -0.3617704774
666.3750000000 -0.9411220959
666.5000000000 -0.4485642080
666.6250000000 0.4523339506
666.7500000000 -1.5657590722
666.8750000000 0.6374709027
667.0000000000 -0.5387713176
667.1250000000 1.1478126607
667.2500000000 -2.3942603049
667.3750000000 -0.7865657751
667.5000000000 -1.6864681512
667.6250000000 -0.8262294664
667.7500000000 0.2476659011
667.8750000000 -0.1792266254
668.0000000000 -0.2533775689
668.1250000000 -0.1591848714
668.2500000000 0.2033882406
668.3750000000 -1.0085360419
668.5000000000 0.7068496409
668.6250000000 0.6626659704
668.7500000000 0.3850379377
668.8750000000 0.5565334428
669.0000000000 0.2964180008
669.1250000000 2.0350733027
669.2500000000 -0.0870941711
669.3750000000 -0.3070832183
669.5000000000 -0.7535275804
669.6250000000 -1.0322626706
669.7500000000 -1.2444717876
669.8750000000 -0.8887973132
670.0000000000 -0.0706803817
670.1250000000 0.3342951285
670.2500000000 0.0511420586
670.3750000000 -0.7655352774
670.5000000000 0.9001845640
670.6250000000 0.7394126723
670.7500000000 -0.1596483074
670.8750000000 -0.6529161447
671.0000000000 0.5484279208
671.1250000000 0.1879735875
671.2500000000 -1.4481272594
671.3750000000 -0.0679802560
671.5000000000 0.2620358121
671.6250000000 -0.8996947865
671.7500000000 0.1898433928
671.8750000000 -1.4548224853
672.0000000000 1.3361861000
672.1250000000 1.2479499851
672.2500000000 -0.2525173343
672.3750000000 0.3634543378
672.5000000000 -2.4099219658
672.6250000000 -1.1563476603
672.7500000000 -0.2937789202
672.8750000000 -1.0721330214
673.0000000000 0.7143964826
673.1250000000 1.9972965307
673.2500000000 -1.1766147194
673.3750000000 -0.8374634041
673.5000000000 0.2354483683
673.6250000000 1.6111161485
673.7500000000 -1.2223743125
673.8750000000 0.2490361223
674.0000000000 1.8212988508
674.1250000000 -1.6517591482
674.2500000000 -1.2810692068
674.3750000000 -0.4236066065
674.5000000000 -0.5205884129
674.6250000000 0.8126012878
674.7500000000 0.2416597198
674.8750000000 -1.7749620596
675.0000000000 0.5154104029
675.1250000000 -0.5775388874
675.2500000000 1.2744472169
675.3750000000 -0.6275875364
675.5000000000 -0.6366152831
675.6250000000 0.5411316108
675.7500000000 0.7629264823
675.8750000000 0.4480993639
676.0000000000 -1.6855973174
676.1250000000 0.5380344399
676.2500000000 -1.0343080517
676.3750000000 0.2352761116
676.5000000000 -1.4237344354
676.6250000000 0.4463221475
676.7500000000 -0.8065989043
676.8750000000 -1.2826346503
677.0000000000 0.7138201365
677.1250000000 0.2416445217
677.2500000000 -0.6139768014
677.3750000000 1.4511788490
677.5000000000 -0.4406524216
677.6250000000 0.0321076740
677.7500000000 0.2689134477
677.8750000000 -0.6196659341
678.0000000000 0.4711362934
678.1250000000 -0.5334523472
678.2500000000 -0.4116383222
678.3750000000 1.3626426398
678.5000000000 -1.0405860525
678.6250000000 -2.4127803309
678.7500000000 1.6109369950
678.8750000000 2.5493279526
679.0000000000 -0.4052692654
679.1250000000 -1.9368380406
679.2500000000 -0.3104839762
679.3750000000 -0.2862229498
679.5000000000 -0.1899238410
679.6250000000 -1.1133880419
679.7500000000 0.5795611425
679.8750000000 0.5245073753
680.0000000000 -1.4944056198
680.1250000000 0.6991967317
680.2500000000 2.0526849819
680.3750000000 0.1719603324
680.5000000000 -0.3373251621
680.6250000000 -0.1420032144
680.7500000000 0.6152567670
680.8750000000 -1.7306716055
681.0000000000 0.1643907030
681.1250000000 -0.3904639495
681.2500000000 1.8478250130
681.3750000000 -0.1741727338
681.5000000000 1.6678876111
681.6250000000 -1.1037406978
681.7500000000 0.5872591668
681.8750000000 0.3194002638
682.0000000000 -0.8690472479
682.1250000000 0.1773961146
682.2500000000 1.2125188368
682.3750000000 -0.3237917043
682.5000000000 -1.6919626492
682.6250000000 -0.0175628265
682.7500000000 -0.9024230948
682.8750000000 -0.3423409387
683.0000000000 -0.0815877697
683.1250000000 -1.7056522160
683.2500000000 -1.6156583393
683.3750000000 0.4820668355
683.5000000000 -0.5227186962
683.6250000000 -2.5647443418
683.7500000000 0.7848440366
683.8750000000 0.2723697553
684.0000000000 -0.7138748240
684.1250000000 -1.3168302111
684.2500000000 0.8358078963
684.3750000000 0.3493506226
684.5000000000 2.3826022827
684.6250000000 0.4201885987
684.7500000000 0.3877031413
684.8750000000 -0.1669279301
685.0000000000 0.8167758672
685.1250000000 0.6250852012
685.2500000000 1.2517250086
685.3750000000 -0.5213229186
685.5000000000 -0.4354074729
685.6250000000 -0.4791031709
685.7500000000 0.7908017212
685.8750000000 1.4983744403
686.0000000000 -0.4588404931
686.1250000000 -0.4247737278
686.2500000000 0.3140772239
686.3750000000 -0.2457615000
686.5000000000 0.9520536531
686.6250000000 -2.2517772906
686.7500000000 -0.8267050469
686.8750000000 -0.7824163340
687.0000000000 -2.3203560124
687.1250000000 -0.9636384444
687.2500000000 -0.9151561158
687.3750000000 -0.2011046545
687.5000000000 1.1129658917
687.6250000000 -0.2450606512
687.7500000000 -1.0308137203
687.8750000000 -0.0569545412
688.0000000000 1.0491736214
688.1250000000 -0.9759588161
688.2500000000 -0.9105748839
688.3750000000 0.5585489593
688.5000000000 -0.2215361157
688.6250000000 0.6474846907
688.7500000000 -0.0136467918
688.8750000000 0.7016636481
689.0000000000 -1.0350781140
689.1250000000 -0.0120846508
689.2500000000 -0.2106900144
689.3750000000 -1.2158909241
689.5000000000 -1.5634779479
689.6250000000 0.6857490353
689.7500000000 -0.3509523822
689.8750000000 -1.0222802816
690.0000000000 -0.0961789369
690.1250000000 1.1280188573
690.2500000000 -2.2807378454
690.3750000000 -1.4966386899
690.5000000000 -0.9228864419
690.6250000000 1.4611788667
690.7500000000 0.2825869829
690.8750000000 0.7673172405
691.0000000000 -1.1401609191
691.1250000000 -1.1195358753
691.2500000000 0.4478137167
691.3750000000 0.0582743309
691.5000000000 0.5487388189
691.6250000000 -0.1876709909
691.7500000000 0.2781437265
691.8750000000 0.1581190849
692.0000000000 0.7777673891
692.1250000000 0.8070082819
692.2500000000 -1.6198719944
692.3750000000 -2.2472685553
692.5000000000 1.0017453977
692.6250000000 1.1877250933
692.7500000000 -1.0206230195
692.8750000000 -1.8598354065
693.0000000000 0.0990348210
693.1250000000 0.9308382264
693.2500000000 1.7975945224
693.3750000000 0.5162975721
693.5000000000 -0.3717166966
693.6250000000 -0.8931306216
693.7500000000 0.0114512917
693.8750000000 -0.2992647039
694.0000000000 -1.0150679057
694.1250000000 2.0487556509
694.2500000000 1.7851684021
694.3750000000 1.1360486836
694.5000000000 -0.9208503978
694.6250000000 0.8550193243
694.7500000000 0.6396264095
694.8750000000 0.4425456242
695.0000000000 1.2496652670
695.1250000000 0.6353711429
695.2500000000 0.7400142363
695.3750000000 0.6369062834
695.5000000000 0.3407914080
695.6250000000 -1.7836111297
695.7500000000 0.0836210774
695.8750000000 -0.5561919588
696.0000000000 -1.2798409576
696.1250000000 1.6818166193
696.2500000000 1.7289953409
696.3750000000 1.3592206003
696.5000000000 0.2552134169
696.6250000000 1.3506251210
696.7500000000 0.0120531806
696.8750000000 0.2027972769
697.0000000000 -1.0934713705
697.1250000000 0.3969913045
697.2500000000 0.0603859284
697.3750000000 -1.3026521168
697.5000000000 -0.0511971118
697.6250000000 -0.0797295639
697.7500000000 1.7975611666
697.8750000000 0.8942133285
698.0000000000 0.0114454391
698.1250000000 0.2487873098
698.2500000000 0.0442123781
698.3750000000 -0.2029139848
698.5000000000 -1.0824271974
698.6250000000 -0.1510518776
698.7500000000 -0.7460982567
698.8750000000 -1.2503155389
699.0000000000 0.5112218145
699.1250000000 0.3912646599
699.2500000000 -1.7867075114
699.3750000000 -0.1226846375
699.5000000000 0.9957013859
699.6250000000 1.0592237389
699.7500000000 1.0258368429
699.8750000000 0.0389132069
700.0000000000 -0.8450453280
700.1250000000 -1.0836988274
700.2500000000 0.3446049048
700.3750000000 0.3792800344
700.5000000000 1.2873311116
700.6250000000 1.0999796503
700.7500000000 -0.1322286565
700.8750000000 -1.2442058789
701.0000000000 -0.3191065970
701.1250000000 0.2172311948
701.2500000000 -0.2020832454
701.3750000000 -0.5778941081
701.5000000000 0.2528848150
701.6250000000 -0.5039577414
701.7500000000 -0.6280660837
701.8750000000 0.3114528343
702.0000000000 -0.4019925801
702.1250000000 0.2441043890
702.2500000000 0.2732040229
702.3750000000 -1.1394290011
702.5000000000 -0.4812411239
702.6250000000 1.4377769399
702.7500000000 -1.1620795127
702.8750000000 -2.1166544490
703.0000000000 -1.8618451532
703.1250000000 0.0291099466
703.2500000000 0.0309172780
703.3750000000 -0.1176108554
703.5000000000 1.2141898289
703.6250000000 -2.6728344331
703.7500000000 0.3959338744
703.8750000000 1.5614382018
704.0000000000 -1.1277807649
704.1250000000 -0.3798065118
704.2500000000 -0.7528919172
704.3750000000 -0.8943460461
704.5000000000 -0.3262620050
704.6250000000 1.4274852837
704.7500000000 1.8373866755
704.8750000000 -0.3359392250
705.0000000000 1.9050602141
705.1250000000 0.0355764770
705.2500000000 1.7536910267
705.3750000000 -0.0932986497
705.5000000000 0.1310578260
705.6250000000 0.3654744726
705.7500000000 3.1788536794
705.8750000000 0.8512855748
706.0000000000 -0.7072645300
706.1250000000 0.9689978703
706.2500000000 -0.3618325371
706.3750000000 -0.4897501829
706.5000000000 0.9086013599
706.6250000000 0.0310855878
706.7500000000 0.2785759145
706.8750000000 0.0139852219
707.0000000000 0.3365831266
707.1250000000 0.4249658974
707.2500000000 -1.9369669327
707.3750000000 0.6665726686
707.5000000000 -0.9820194198
707.6250000000 -1.4422991356
707.7500000000 -0.0584112439
707.8750000000 0.0839810033
708.0000000000 -0.6935061646
708.1250000000 0.8310318577
708.2500000000 -1.3421751664
708.3750000000 -0.4069437488
708.5000000000 -0.5848741349
708.6250000000 -0.0465872703
708.7500000000 0.2788642846
708.8750000000 -1.0078929496
709.0000000000 0.7242826775
709.1250000000 0.0630023683
709.2500000000 -1.8919462533
709.3750000000 -1.9585914404
709.5000000000 -0.0123192929
709.6250000000 -0.2209673178
709.7500000000 -0.1034201136
709.8750000000 -0.0279824565
710.0000000000 0.2255598395
710.1250000000 0.9476496098
710.2500000000 -1.1111049009
710.3750000000 -1.1719715929
710.5000000000 -1.0933238579
710.6250000000 0.2889166672
710.7500000000 1.2449473786
710.8750000000 -0.4313394382
711.0000000000 -2.5016998442
711.1250000000 -1.7039928626
711.2500000000 -0.8330367228
711.3750000000 -0.5577288875
711.5000000000 -0.4083886273
711.6250000000 0.0385811230
711.7500000000 -0.3117463308
711.8750000000 1.0493396105
712.0000000000 -0.6760173057
712.1250000000 -0.8623179595
712.2500000000 0.4788755385
712.3750000000 -1.5356420699
712.5000000000 0.3896917053
712.6250000000 0.1025531837
712.7500000000 -0.1474424899
712.8750000000 1.5882761071
713.0000000000 -0.6222074453
713.1250000000 2.0602981705
713.2500000000 -0.2254314492
713.3750000000 -1.2770164450
713.5000000000 0.0699195810
713.6250000000 -1.0762452003
713.7500000000 -0.7517558478
713.8750000000 0.3970333000
714.0000000000 0.5555820887
714.1250000000 -0.6221677003
714.2500000000 0.9874051450
714.3750000000 1.1575077580
714.5000000000 1.4363017566
714.6250000000 0.5294134071
714.7500000000 1.3634287121
714.8750000000 -1.8807984280
715.0000000000 -0.3179065486
715.1250000000 -0.8670052563
715.2500000000 0.1192258611
715.3750000000 -0.5714492192
715.5000000000 -0.1661578419
715.6250000000 1.8821748802
715.7500000000 -0.1697197964
715.8750000000 0.4137923172
716.0000000000 -0.2322693299
716.1250000000 0.0757132880
716.2500000000 0.0060166804
716.3750000000 0.4483240660
716.5000000000 1.1653075355
716.6250000000 1.6473939976
716.7500000000 0.3096200819
716.8750000000 0.5895468860
717.0000000000 -1.1508645092
717.1250000000 -0.0878767424
717.2500000000 0.9402894649
717.3750000000 0.8659686384
717.5000000000 0.2116097328
717.6250000000 0.8863939596
717.7500000000 0.4907667090
717.8750000000 1.2003062583
718.0000000000 0.2893591570
718.1250000000 -0.3556983156
718.2500000000 0.3358412569
718.3750000000 -2.9305943759
718.5000000000 0.3828857364
718.6250000000 -3.6484128252
718.7500000000 -1.7234634074
718.8750000000 0.4517686009
719.0000000000 0.4775293373
719.1250000000 -1.1624287801
719.2500000000 -0.7121020419
719.3750000000 1.3705409886
719.5000000000 -0.4840301316
719.6250000000 2.2429203124
719.7500000000 -0.0019198532
719.8750000000 0.4080361769
720.0000000000 1.6168743985
720.1250000000 0.1310271162
720.2500000000 -1.0023439807
720.3750000000 -0.1097274517
720.5000000000 -0.0356107362
720.6250000000 -1.3647416522
720.7500000000 -0.2558320713
720.8750000000 -0.7421920940
721.0000000000 0.9243577572
721.1250000000 0.0346118742
721.2500000000 -0.2827957491
721.3750000000 -0.1061819306
721.5000000000 0.2231220184
721.6250000000 0.6168141997
721.7500000000 -0.9997122287
721.8750000000 -1.0415876326
722.0000000000 1.1046792154
722.1250000000 -0.4123368722
722.2500000000 -1.4168420926
722.3750000000 0.4438127094
722.5000000000 0.4633698060
722.6250000000 -1.5307152573
722.7500000000 0.2294817155
722.8750000000 0.7355830924
723.0000000000 0.3743864517
723.1250000000 0.6319814838
723.2500000000 -1.4042690981
723.3750000000 0.3310401550
723.5000000000 -0.3026197595
723.6250000000 -0.4827901587
723.7500000000 0.8705556094
723.8750000000 1.4792745107
724.0000000000 1.7943700546
724.1250000000 1.3148078715
724.2500000000 -0.1097341816
724.3750000000 0.3527201630
724.5000000000 0.7668228718
724.6250000000 0.1211779493
724.7500000000 0.1307641879
724.8750000000 0.8237531319
725.0000000000 -0.0592826460
725.1250000000 -0.7292869364
725.2500000000 -0.4144730658
725.3750000000 0.6339103777
725.5000000000 0.0029932912
725.6250000000 0.3402099769
725.7500000000 0.6700792422
725.8750000000 -0.3748414629
726.0000000000 0.7562481636
726.1250000000 0.3788426035
726.2500000000 -1.2348130869
726.3750000000 1.4423047912
726.5000000000 -0.5007447438
726.6250000000 -1.6550953432
726.7500000000 -1.0450437096
726.8750000000 -1.0210451607
727.0000000000 0.0521733187
727.1250000000 -0.2738505055
727.2500000000 -0.3368319676
727.3750000000 0.6197019655
727.5000000000 0.3398753612
727.6250000000 0.3160478706
727.7500000000 0.4098284573
727.8750000000 0.6161346680
728.0000000000 -2.1079533418
728.1250000000 -0.3644382523
728.2500000000 -2.1802100645
728.3750000000 0.0360599268
728.5000000000 -0.0046329722
728.6250000000 1.0455322748
728.7500000000 1.1876343927
728.8750000000 0.2027750483
729.0000000000 -0.5003610774
729.1250000000 0.4851611125
729.2500000000 -0.5279176373
729.3750000000 -0.0013926514
729.5000000000 0.9861363170
729.6250000000 -0.5577713460
729.7500000000 0.8056786392
729.8750000000 0.6774013687
730.0000000000 -0.9547918171
730.1250000000 0.9738941282
730.2500000000 0.6985663454
730.3750000000 0.1019258874
730.5000000000 -0.7623234580
730.6250000000 -0.8592060186
730.7500000000 -0.5376625769
730.8750000000 0.5425944633
731.0000000000 -0.9556251674
731.1250000000 0.4375122486
731.2500000000 -1.2417555289
731.3750000000 -0.2040685844
731.5000000000 0.1096477546
731.6250000000 2.4451301451
731.7500000000 -1.3773156555
731.8750000000 1.4720145665
732.0000000000 0.1498424140
732.1250000000 0.4111719180
732.2500000000 0.1183479134
732.3750000000 0.4447268182
732.5000000000 -0.1536851044
732.6250000000 1.4540501815
732.7500000000 -0.4564711442
732.8750000000 1.1322345722
733.0000000000 -0.6443671202
733.1250000000 -0.0602518464
733.2500000000 -1.0719625523
733.3750000000 0.4550237203
733.5000000000 1.4451259569
733.6250000000 -0.0773561798
733.7500000000 -0.1968856987
733.8750000000 -1.1146169631
734.0000000000 -0.2292926536
734.1250000000 -1.5927942597
734.2500000000 -0.9128779867
734.3750000000 0.2267860461
734.5000000000 1.3190131977
734.6250000000 2.8092108612
734.7500000000 -0.5865850851
734.8750000000 1.4353001566
735.0000000000 0.2437524804
735.1250000000 -0.1512476467
735.2500000000 0.4325944517
735.3750000000 0.0619164837
735.5000000000 0.1103957256
735.6250000000 -0.4083331628
735.7500000000 -1.3981096598
735.8750000000 -1.5436252025
736.0000000000 0.6532448833
736.1250000000 -0.2767000901
736.2500000000 -0.5960888997
736.3750000000 0.0085056267
736.5000000000 0.7949322529
736.6250000000 0.1803639430
736.7500000000 -0.6560549366
736.8750000000 1.2262929556
737.0000000000 1.5791855030
737.1250000000 0.4945566553
737.2500000000 0.9736635113
737.3750000000 1.2419599968
737.5000000000 1.1300993164
737.6250000000 0.6140991771
737.7500000000 0.5983470471
737.8750000000 0.5196605733
738.0000000000 -1.0973376745
738.1250000000 0.7007231569
738.2500000000 -1.3558139711
738.3750000000 -0.7945994551
738.5000000000 1.3035650678
738.6250000000 0.8402201627
738.7500000000 1.4873982897
738.8750000000 -0.2716743837
739.0000000000 -1.1522488413
739.1250000000 -0.2404371971
739.2500000000 0.1020312972
739.3750000000 0.0789887163
739.5000000000 1.1336804788
739.6250000000 -0.3612704250
739.7500000000 0.3520344718
739.8750000000 -0.9886271494
740.0000000000 0.4503172780
740.1250000000 0.0031085502
740.2500000000 -0.7498133383
740.3750000000 -0.2358293622
740.5000000000 -0.1841757465
740.6250000000 -0.2701551293
740.7500000000 1.7713412423
740.8750000000 -0.0984460023
741.0000000000 -0.2438961102
741.1250000000 -2.0974509576
741.2500000000 -0.8942073520
741.3750000000 -0.2630734245
741.5000000000 -0.6858526762
741.6250000000 1.3817075934
741.7500000000 -0.1649377754
741.8750000000 1.2884442493
742.0000000000 0.0617046341
742.1250000000 0.0372278364
742.2500000000 -0.0887964477
742.3750000000 0.0037962516
742.5000000000 1.7187950030
742.6250000000 -2.3196107268
742.7500000000 -2.0015457444
742.8750000000 -0.5431708311
743.0000000000 0.0145278819
743.1250000000 0.6901044248
743.2500000000 0.4730871980
743.3750000000 -0.3842459129
743.5000000000 1.0190436932
743.6250000000 1.0301954032
743.7500000000 0.1840578313
743.8750000000 0.9626575725
744.0000000000 0.2726452634
744.1250000000 -0.5614830268
744.2500000000 0.6978168390
744.3750000000 0.1106131226
744.5000000000 0.0013398468
744.6250000000 1.4729535722
744.7500000000 -2.4508721285
744.8750000000 -1.4176841702
745.0000000000 -1.1870704264
745.1250000000 -0.3632606476
745.2500000000 -0.2546081698
745.3750000000 -1.5073256478
745.5000000000 -0.9851580323
745.6250000000 -0.8608416785
745.7500000000 2.4574240921
745.8750000000 1.8017419477
746.0000000000 -0.4117494177
746.1250000000 -0.3635832903
746.2500000000 -1.1492039972
746.3750000000 -1.9081304132
746.5000000000 -0.1168801864
746.6250000000 -0.9978519832
746.7500000000 -0.0848505317
746.8750000000 -1.6002058490
747.0000000000 -0.7619744583
747.1250000000 0.1486270953
747.2500000000 0.3662095978
747.3750000000 0.4174719587
747.5000000000 -1.3204889842
747.6250000000 0.8546857301
747.7500000000 -0.8002116966
747.8750000000 0.6328579146
748.0000000000 -0.0106386766
748.1250000000 -1.3763874991
748.2500000000 -0.3161977046
748.3750000000 0.3653637421
748.5000000000 0.6129653805
748.6250000000 -0.1409878974
748.7500000000 1.5317788906
748.8750000000 1.0075107710
749.0000000000 -0.2566541164
749.1250000000 0.7501218121
749.2500000000 1.9337934852
749.3750000000 1.9604846008
749.5000000000 -1.2279998808
749.6250000000 -0.9265331112
749.7500000000 1.4849187867
749.8750000000 -1.0582810508
750.0000000000 -1.3225411333
750.1250000000 -0.4861941307
750.2500000000 0.4202267095
750.3750000000 -0.1023967066
750.5000000000 -0.6505636204
750.6250000000 -0.6742124617
750.7500000000 -0.7123370644
750.8750000000 -0.8795096287
751.0000000000 2.2816328773
751.1250000000 0.2975110712
751.2500000000 0.8867590544
751.3750000000 -0.4890774681
751.5000000000 -0.1859566772
751.6250000000 -0.7135539814
751.7500000000 -2.6517083349
751.8750000000 -1.3780092768
752.0000000000 -1.8106186800
752.1250000000 -2.2497837780
752.2500000000 -1.1953589743
752.3750000000 1.3249556794
752.5000000000 -0.0444361677
752.6250000000 1.2905637623
752.7500000000 0.4109825769
752.8750000000 0.7825588257
753.0000000000 -0.9008969953
753.1250000000 0.5239509542
753.2500000000 0.7287142341
753.3750000000 -0.5766472922
753.5000000000 0.5595403706
753.6250000000 0.5661877586
753.7500000000 -0.5495526211
753.8750000000 -1.1227684323
754.0000000000 -1.1841283319
754.1250000000 0.0865055419
754.2500000000 0.3270098688
754.3750000000 -0.7925258305
754.5000000000 0.0265853413
754.6250000000 0.5705370361
754.7500000000 0.6181907147
754.8750000000 1.5518801201
755.0000000000 1.2769808322
755.1250000000 -1.0012914328
755.2500000000 1.6835862095
755.3750000000 -0.5309765046
755.5000000000 1.0448728125
755.6250000000 0.0679866261
755.7500000000 -0.4121493785
755.8750000000 -1.8076968598
756.0000000000 -0.1715645102
756.1250000000 -1.5593832353
756.2500000000 0.9672992358
756.3750000000 1.5167926571
756.5000000000 -0.7969109893
756.6250000000 0.3019707425
756.7500000000 -0.7253915220
756.8750000000 -0.6284847301
757.0000000000 0.7744947039
757.1250000000 -0.0385382618
757.2500000000 1.7396480419
757.3750000000 -0.4822324787
757.5000000000 0.9993363325
757.6250000000 0.0974134130
757.7500000000 0.7957780097
757.8750000000 -0.4471576573
758.0000000000 -0.0495588376
758.1250000000 -0.1154988793
758.2500000000 -0.8360571148
758.3750000000 0.6620815346
758.5000000000 0.6502490056
758.6250000000 0.5935546949
758.7500000000 1.5369656539
758.8750000000 1.4493448012
759.0000000000 -0.3749446898
759.1250000000 0.3730523184
759.2500000000 -0.6236006893
759.3750000000 0.0233553161
759.5000000000 -0.5997494491
759.6250000000 1.6200703091
759.7500000000 0.3636981503
759.8750000000 -0.2180291281
760.0000000000 1.1936185719
760.1250000000 -2.1706154098
760.2500000000 -2.0141025949
760.3750000000 0.7958386552
760.5000000000 0.0604684481
760.6250000000 0.2504463003
760.7500000000 -1.3263961033
760.8750000000 -0.0232337109
761.0000000000 2.0035094104
761.1250000000 0.8241996198
761.2500000000 0.1697065451
761.3750000000 -0.4390539101
761.5000000000 -0.3945728519
761.6250000000 -2.1291978892
761.7500000000 0.2576404209
761.8750000000 0.8454831085
762.0000000000 -1.5756193272
762.1250000000 -0.6614168923
762.2500000000 -1.1574646322
762.3750000000 -0.9653511948
762.5000000000 0.0534816268
762.6250000000 -2.0844021550
762.7500000000 0.6142704384
762.8750000000 0.7538550699
763.0000000000 -0.2511025880
763.1250000000 -2.4807085100
763.2500000000 -0.9964186260
763.3750000000 1.2329019341
763.5000000000 -2.7779942807
763.6250000000 -0.3475234122
763.7500000000 -1.1800007785
763.8750000000 0.8045703016
764.0000000000 -0.6751139521
764.1250000000 0.4039540207
764.2500000000 0.5654604192
764.3750000000 1.8362258397
764.5000000000 -0.2029419437
764.6250000000 0.3760443696
764.7500000000 -1.4850554791
764.8750000000 1.1904135633
765.0000000000 -0.7605088481
765.1250000000 -0.5607541641
765.2500000000 -0.0222477948
765.3750000000 -1.5628843453
765.5000000000 0.2287700289
765.6250000000 0.9674662729
765.7500000000 0.2929338235
765.8750000000 -1.5888975642
766.0000000000 -0.1238092943
766.1250000000 0.7420289030
766.2500000000 -1.8779887660
766.3750000000 -1.0747660138
766.5000000000 0.8765436041
766.6250000000 0.2700954342
766.7500000000 0.4119715821
766.8750000000 1.8594948076
767.0000000000 0.4685527785
767.1250000000 0.6578880104
767.2500000000 2.7107455272
767.3750000000 -0.2138045581
767.5000000000 -0.7978827636
767.6250000000 0.4277963982
767.7500000000 0.4389910294
767.8750000000 -0.5267153919
768.0000000000 -1.0323970196
768.1250000000 2.3098444221
768.2500000000 0.3268434704
768.3750000000 -0.7322853814
768.5000000000 0.9159303023
768.6250000000 -0.1091451516
768.7500000000 -0.2528814463
768.8750000000 0.5622728719
769.0000000000 -1.2918822682
769.1250000000 0.3526272039
769.2500000000 1.9129548077
769.3750000000 0.4661776622
769.5000000000 -0.3762121038
769.6250000000 -0.5071052804
769.7500000000 -0.4103399733
769.8750000000 -0.2539626780
770.0000000000 -0.3778065328
770.1250000000 0.9163114411
770.2500000000 -1.7332091032
770.3750000000 0.8620000504
770.5000000000 -0.3796865251
770.6250000000 0.3769477857
770.7500000000 -1.1269879102
770.8750000000 1.3286310668
771.0000000000 1.2456349602
771.1250000000 0.9595905258
771.2500000000 -1.5147547758
771.3750000000 0.8291210711
771.5000000000 0.4048550876
771.6250000000 -1.6052712471
771.7500000000 -0.0242973838
771.8750000000 0.3645344890
772.0000000000 0.5560752738
772.1250000000 0.1772613669
772.2500000000 0.2912314168
772.3750000000 1.4736113923
772.5000000000 1.2260339099
772.6250000000 -2.8670549538
772.7500000000 -0.3174385548
772.8750000000 -0.1646510275
773.0000000000 -1.7520985727
773.1250000000 0.0941830582
773.2500000000 1.2487577724
773.3750000000 -1.0865678596
773.5000000000 0.3364009387
773.6250000000 -0.9158234773
773.7500000000 -0.6719120237
773.8750000000 1.4773936342
774.0000000000 -0.5425578201
774.1250000000 0.4622124890
774.2500000000 -1.8712181161
774.3750000000 1.8623175614
774.5000000000 0.6026524463
774.6250000000 -0.1824998427
774.7500000000 0.5755465100
774.8750000000 -1.4098194289
775.0000000000 1.1825307418
775.1250000000 -0.3239847755
775.2500000000 -0.2040695150
775.3750000000 -0.4916556150
775.5000000000 -0.5806514027
775.6250000000 0.6946706116
775.7500000000 0.2559068501
775.8750000000 0.6517481414
776.0000000000 -0.0087946895
776.1250000000 0.5131998111
776.2500000000 -0.4188487439
776.3750000000 2.2297318414
776.5000000000 -1.5679304164
776.6250000000 1.2609373236
776.7500000000 1.3679074507
776.8750000000 -0.8521588060
777.0000000000 2.2292736106
777.1250000000 0.9954902829
777.2500000000 0.9711390068
777.3750000000 0.0280221870
777.5000000000 -0.2172261582
777.6250000000 -0.2094088270
777.7500000000 0.3905305963
777.8750000000 1.4011862750
778.0000000000 0.1813142179
778.1250000000 -0.9114436231
778.2500000000 0.8244270624
778.3750000000 0.9211507464
778.5000000000 0.6546595284
778.6250000000 0.7454989065
778.7500000000 -0.2709281302
778.8750000000 -0.9289891671
779.0000000000 -0.8681934306
779.1250000000 -1.6354632485
779.2500000000 0.2369486115
779.3750000000 -0.0834487832
779.5000000000 -0.4399877045
779.6250000000 -2.9556188243
779.7500000000 -1.2473174697
779.8750000000 1.1208406514
780.0000000000 -0.6646260001
780.1250000000 0.3605916777
780.2500000000 -1.3906854300
780.3750000000 1.4387054824
780.5000000000 -0.1440276601
780.6250000000 0.2900403965
780.7500000000 2.3257797919
780.8750000000 1.5164401006
781.0000000000 -0.3065656213
781.1250000000 -0.5932201849
781.2500000000 -0.3255450115
781.3750000000 0.5098982485
781.5000000000 -0.1052241343
781.6250000000 -0.3952441450
781.7500000000 1.4671812507
781.8750000000 -0.1142098918
782.0000000000 2.2995890930
782.1250000000 0.0907425638
782.2500000000 1.7853183942
782.3750000000 0.3573194227
782.5000000000 0.9629605732
782.6250000000 -0.7246110515
782.7500000000 -0.8537592226
782.8750000000 0.4597059550
783.0000000000 0.9885532425
783.1250000000 0.0402565020
783.2500000000 -1.2863933351
783.3750000000 -1.3602583663
783.5000000000 -1.4271364022
783.6250000000 -1.7676221129
783.7500000000 0.1094853594
783.8750000000 1.1250439217
784.0000000000 -0.0134157869
784.1250000000 -2.2604147573
784.2500000000 -0.1907604603
784.3750000000 -0.1627989966
784.5000000000 2.0959987502
784.6250000000 -1.4571379129
784.7500000000 -0.3906776026
784.8750000000 1.7058526805
785.0000000000 0.4499783413
785.1250000000 0.5633130735
785.2500000000 0.1145844370
785.3750000000 0.3299435387
785.5000000000 0.7776095303
785.6250000000 -0.8094863189
785.7500000000 0.8780585789
785.8750000000 -1.3730030169
786.0000000000 0.3283679728
786.1250000000 0.1787409633
786.2500000000 -0.6162930882
786.3750000000 -0.0226852753
786.5000000000 -0.6225401527
786.6250000000 -1.0717013269
786.7500000000 -0.3536147416
786.8750000000 -1.1039886354
787.0000000000 0.3227974641
787.1250000000 -1.1500854942
787.2500000000 0.7119770230
787.3750000000 -1.1814790679
787.5000000000 -0.5662949156
787.6250000000 -0.6246034082
787.7500000000 1.3251467289
787.8750000000 0.3302899456
788.0000000000 -0.2117338025
788.1250000000 0.4987194411
788.2500000000 -2.1071923473
788.3750000000 -0.0431335896
788.5000000000 1.9975141778
788.6250000000 0.1323465064
788.7500000000 0.0679131692
788.8750000000 0.5481283796
789.0000000000 0.8956052433
789.1250000000 -1.9974666929
789.2500000000 -1.6823264818
789.3750000000 0.2102912911
789.5000000000 -0.7148765619
789.6250000000 1.3120252622
789.7500000000 -0.3151743899
789.8750000000 -1.9345307357
790.0000000000 -1.2680139168
790.1250000000 -2.7496760196
790.2500000000 -0.2341255373
790.3750000000 -0.1883841273
790.5000000000 -0.4244627098
790.6250000000 1.0788790390
790.7500000000 1.1985198365
790.8750000000 -0.1703884234
791.0000000000 -2.1346936675
791.1250000000 0.6172815805
791.2500000000 0.5553602285
791.3750000000 0.3093915702
791.5000000000 0.9814797493
791.6250000000 -1.1648280965
791.7500000000 2.0087553862
791.8750000000 -0.9594277531
792.0000000000 0.7492229272
792.1250000000 -1.6873476944
792.2500000000 -0.9302646873
792.3750000000 1.5163686467
792.5000000000 -0.2608998230
792.6250000000 0.8399226051
792.7500000000 0.2369553887
792.8750000000 -0.1049581560
793.0000000000 1.3638503249
793.1250000000 -0.2366588247
793.2500000000 -1.7807381076
793.3750000000 -0.8032400920
793.5000000000 0.5511917287
793.6250000000 0.3955091064
793.7500000000 -1.5670582502
793.8750000000 -0.7243425194
794.0000000000 -0.5817213492
794.1250000000 -0.3654695941
794.2500000000 -1.3759135886
794.3750000000 -0.6283711081
794.5000000000 -0.7286104853
794.6250000000 0.7715332598
794.7500000000 0.8091213110
794.8750000000 -0.1458104581
795.0000000000 -0.3920397959
795.1250000000 0.1399243120
795.2500000000 -0.8165751075
795.3750000000 -1.1468320822
795.5000000000 -0.9402212089
795.6250000000 -0.6348131640
795.7500000000 -1.1634737998
795.8750000000 0.1620595591
796.0000000000 0.7297156738
796.1250000000 -1.5870983008
796.2500000000 0.0251287112
796.3750000000 -0.2199357953
796.5000000000 0.3415086855
796.6250000000 -0.0129387681
796.7500000000 -1.4535992799
796.8750000000 -1.2623892989
797.0000000000 0.0294235756
797.1250000000 1.0287809197
797.2500000000 -2.2141873710
797.3750000000 0.3457265798
797.5000000000 1.1896220053
797.6250000000 -0.1530258762
797.7500000000 0.5502024960
797.8750000000 -0.7030690809
798.0000000000 -0.1193661993
798.1250000000 -1.6209135183
798.2500000000 -2.3443433084
798.3750000000 0.9427658012
798.5000000000 -0.9849949277
798.6250000000 -0.4555278450
798.7500000000 -1.3864422533
798.8750000000 -1.4099697031
799.0000000000 -0.1738377001
799.1250000000 -0.7295771941
799.2500000000 0.3779709980
799.3750000000 0.4525384190
799.5000000000 0.3208496463
799.6250000000 0.2386007909
799.7500000000 1.5777682049
799.8750000000 -1.0675937690
