600.0000000000 0.2660772030
600.1250000000 0.2690874713
600.2500000000 0.2721279648
600.3750000000 0.2751989388
600.5000000000 0.2783006503
600.6250000000 0.2814333579
600.7500000000 0.2845973219
600.8750000000 0.2877928040
601.0000000000 0.2910200676
601.1250000000 0.2942793777
601.2500000000 0.2975710009
601.3750000000 0.3008952055
601.5000000000 0.3042522613
601.6250000000 0.3076424398
601.7500000000 0.3110660140
601.8750000000 0.3145232585
602.0000000000 0.3180144499
602.1250000000 0.3215398659
602.2500000000 0.3250997862
602.3750000000 0.3286944920
602.5000000000 0.3323242661
602.6250000000 0.3359893930
602.7500000000 0.3396901589
602.8750000000 0.3434268514
603.0000000000 0.3471997600
603.1250000000 0.3510091758
603.2500000000 0.3548553914
603.3750000000 0.3587387011
603.5000000000 0.3626594010
603.6250000000 0.3666177886
603.7500000000 0.3706141633
603.8750000000 0.3746488259
604.0000000000 0.3787220791
604.1250000000 0.3828342272
604.2500000000 0.3869855759
604.3750000000 0.3911764328
604.5000000000 0.3954071072
604.6250000000 0.3996779099
604.7500000000 0.4039891534
604.8750000000 0.4083411519
605.0000000000 0.4127342212
605.1250000000 0.4171686788
605.2500000000 0.4216448437
605.3750000000 0.4261630369
605.5000000000 0.4307235807
605.6250000000 0.4353267993
605.7500000000 0.4399730183
605.8750000000 0.4446625653
606.0000000000 0.4493957692
606.1250000000 0.4541729608
606.2500000000 0.4589944725
606.3750000000 0.4638606382
606.5000000000 0.4687717936
606.6250000000 0.4737282759
606.7500000000 0.4787304243
606.8750000000 0.4837785791
607.0000000000 0.4888730827
607.1250000000 0.4940142790
607.2500000000 0.4992025133
607.3750000000 0.5044381330
607.5000000000 0.5097214866
607.6250000000 0.5150529247
607.7500000000 0.5204327993
607.8750000000 0.5258614639
608.0000000000 0.5313392739
608.1250000000 0.5368665861
608.2500000000 0.5424437590
608.3750000000 0.5480711528
608.5000000000 0.5537491291
608.6250000000 0.5594780513
608.7500000000 0.5652582842
608.8750000000 0.5710901944
609.0000000000 0.5769741500
609.1250000000 0.5829105206
609.2500000000 0.5888996774
609.3750000000 0.5949419935
609.5000000000 0.6010378430
609.6250000000 0.6071876021
609.7500000000 0.6133916482
609.8750000000 0.6196503605
610.0000000000 0.6259641195
610.1250000000 0.6323333075
610.2500000000 0.6387583082
610.3750000000 0.6452395068
610.5000000000 0.6517772901
610.6250000000 0.6583720464
610.7500000000 0.6650241655
610.8750000000 0.6717340388
611.0000000000 0.6785020591
611.1250000000 0.6853286206
611.2500000000 0.6922141191
611.3750000000 0.6991589520
611.5000000000 0.7061635180
611.6250000000 0.7132282172
611.7500000000 0.7203534514
611.8750000000 0.7275396235
612.0000000000 0.7347871383
612.1250000000 0.7420964016
612.2500000000 0.7494678209
612.3750000000 0.7569018048
612.5000000000 0.7643987637
612.6250000000 0.7719591091
612.7500000000 0.7795832540
612.8750000000 0.7872716128
613.0000000000 0.7950246011
613.1250000000 0.8028426361
613.2500000000 0.8107261361
613.3750000000 0.8186755209
613.5000000000 0.8266912116
613.6250000000 0.8347736305
613.7500000000 0.8429232013
613.8750000000 0.8511403489
614.0000000000 0.8594254997
614.1250000000 0.8677790811
614.2500000000 0.8762015219
614.3750000000 0.8846932521
614.5000000000 0.8932547030
614.6250000000 0.9018863069
614.7500000000 0.9105884975
614.8750000000 0.9193617097
615.0000000000 0.9282063795
615.1250000000 0.9371229442
615.2500000000 0.9461118419
615.3750000000 0.9551735123
615.5000000000 0.9643083959
615.6250000000 0.9735169345
615.7500000000 0.9827995707
615.8750000000 0.9921567486
616.0000000000 1.0015889131
616.1250000000 1.0110965102
616.2500000000 1.0206799869
616.3750000000 1.0303397913
616.5000000000 1.0400763725
616.6250000000 1.0498901804
616.7500000000 1.0597816662
616.8750000000 1.0697512819
617.0000000000 1.0797994802
617.1250000000 1.0899267151
617.2500000000 1.1001334414
617.3750000000 1.1104201146
617.5000000000 1.1207871913
617.6250000000 1.1312351288
617.7500000000 1.1417643853
617.8750000000 1.1523754199
618.0000000000 1.1630686924
618.1250000000 1.1738446633
618.2500000000 1.1847037940
618.3750000000 1.1956465466
618.5000000000 1.2066733839
618.6250000000 1.2177847695
618.7500000000 1.2289811675
618.8750000000 1.2402630429
619.0000000000 1.2516308610
619.1250000000 1.2630850882
619.2500000000 1.2746261910
619.3750000000 1.2862546369
619.5000000000 1.2979708937
619.6250000000 1.3097754298
619.7500000000 1.3216687142
619.8750000000 1.3336512164
620.0000000000 1.3457234061
620.1250000000 1.3578857538
620.2500000000 1.3701387303
620.3750000000 1.3824828067
620.5000000000 1.3949184547
620.6250000000 1.4074461461
620.7500000000 1.4200663533
620.8750000000 1.4327795488
621.0000000000 1.4455862056
621.1250000000 1.4584867967
621.2500000000 1.4714817955
621.3750000000 1.4845716756
621.5000000000 1.4977569109
621.6250000000 1.5110379752
621.7500000000 1.5244153427
621.8750000000 1.5378894875
622.0000000000 1.5514608840
622.1250000000 1.5651300066
622.2500000000 1.5788973295
622.3750000000 1.5927633273
622.5000000000 1.6067284743
622.6250000000 1.6207932448
622.7500000000 1.6349581131
622.8750000000 1.6492235535
623.0000000000 1.6635900399
623.1250000000 1.6780580463
623.2500000000 1.6926280464
623.3750000000 1.7073005136
623.5000000000 1.7220759212
623.6250000000 1.7369547423
623.7500000000 1.7519374495
623.8750000000 1.7670245152
624.0000000000 1.7822164114
624.1250000000 1.7975136098
624.2500000000 1.8129165816
624.3750000000 1.8284257975
624.5000000000 1.8440417278
624.6250000000 1.8597648424
624.7500000000 1.8755956104
624.8750000000 1.8915345006
625.0000000000 1.9075819810
625.1250000000 1.9237385191
625.2500000000 1.9400045817
625.3750000000 1.9563806348
625.5000000000 1.9728671438
625.6250000000 1.9894645734
625.7500000000 2.0061733873
625.8750000000 2.0229940485
626.0000000000 2.0399270191
626.1250000000 2.0569727604
626.2500000000 2.0741317326
626.3750000000 2.0914043952
626.5000000000 2.1087912064
626.6250000000 2.1262926236
626.7500000000 2.1439091031
626.8750000000 2.1616410999
627.0000000000 2.1794890683
627.1250000000 2.1974534609
627.2500000000 2.2155347294
627.3750000000 2.2337333244
627.5000000000 2.2520496949
627.6250000000 2.2704842888
627.7500000000 2.2890375526
627.8750000000 2.3077099314
628.0000000000 2.3265018689
628.1250000000 2.3454138074
628.2500000000 2.3644461875
628.3750000000 2.3835994486
628.5000000000 2.4028740282
628.6250000000 2.4222703625
628.7500000000 2.4417888859
628.8750000000 2.4614300310
629.0000000000 2.4811942290
629.1250000000 2.5010819090
629.2500000000 2.5210934986
629.3750000000 2.5412294234
629.5000000000 2.5614901071
629.6250000000 2.5818759717
629.7500000000 2.6023874370
629.8750000000 2.6230249209
630.0000000000 2.6437888395
630.1250000000 2.6646796064
630.2500000000 2.6856976334
630.3750000000 2.7068433302
630.5000000000 2.7281171040
630.6250000000 2.7495193601
630.7500000000 2.7710505014
630.8750000000 2.7927109284
631.0000000000 2.8145010394
631.1250000000 2.8364212303
631.2500000000 2.8584718945
631.3750000000 2.8806534229
631.5000000000 2.9029662039
631.6250000000 2.9254106236
631.7500000000 2.9479870651
631.8750000000 2.9706959091
632.0000000000 2.9935375336
632.1250000000 3.0165123138
632.2500000000 3.0396206223
632.3750000000 3.0628628286
632.5000000000 3.0862392998
632.6250000000 3.1097503996
632.7500000000 3.1333964891
632.8750000000 3.1571779264
633.0000000000 3.1810950665
633.1250000000 3.2051482612
633.2500000000 3.2293378596
633.3750000000 3.2536642072
633.5000000000 3.2781276466
633.6250000000 3.3027285171
633.7500000000 3.3274671546
633.8750000000 3.3523438919
634.0000000000 3.3773590582
634.1250000000 3.4025129795
634.2500000000 3.4278059781
634.3750000000 3.4532383731
634.5000000000 3.4788104799
634.6250000000 3.5045226103
634.7500000000 3.5303750724
634.8750000000 3.5563681709
635.0000000000 3.5825022064
635.1250000000 3.6087774761
635.2500000000 3.6351942732
635.3750000000 3.6617528871
635.5000000000 3.6884536031
635.6250000000 3.7152967030
635.7500000000 3.7422824642
635.8750000000 3.7694111604
636.0000000000 3.7966830608
636.1250000000 3.8240984310
636.2500000000 3.8516575319
636.3750000000 3.8793606207
636.5000000000 3.9072079501
636.6250000000 3.9351997683
636.7500000000 3.9633363196
636.8750000000 3.9916178435
637.0000000000 4.0200445754
637.1250000000 4.0486167459
637.2500000000 4.0773345814
637.3750000000 4.1061983035
637.5000000000 4.1352081293
637.6250000000 4.1643642711
637.7500000000 4.1936669368
637.8750000000 4.2231163291
638.0000000000 4.2527126464
638.1250000000 4.2824560818
638.2500000000 4.3123468239
638.3750000000 4.3423850562
638.5000000000 4.3725709572
638.6250000000 4.4029047004
638.7500000000 4.4333864543
638.8750000000 4.4640163822
639.0000000000 4.4947946424
639.1250000000 4.5257213879
639.2500000000 4.5567967664
639.3750000000 4.5880209204
639.5000000000 4.6193939870
639.6250000000 4.6509160982
639.7500000000 4.6825873801
639.8750000000 4.7144079538
640.0000000000 4.7463779346
640.1250000000 4.7784974324
640.2500000000 4.8107665515
640.3750000000 4.8431853904
640.5000000000 4.8757540422
640.6250000000 4.9084725940
640.7500000000 4.9413411272
640.8750000000 4.9743597176
641.0000000000 5.0075284350
641.1250000000 5.0408473431
641.2500000000 5.0743165000
641.3750000000 5.1079359576
641.5000000000 5.1417057619
641.6250000000 5.1756259528
641.7500000000 5.2096965640
641.8750000000 5.2439176231
642.0000000000 5.2782891516
642.1250000000 5.3128111646
642.2500000000 5.3474836711
642.3750000000 5.3823066736
642.5000000000 5.4172801684
642.6250000000 5.4524041453
642.7500000000 5.4876785876
642.8750000000 5.5231034724
643.0000000000 5.5586787699
643.1250000000 5.5944044439
643.2500000000 5.6302804517
643.3750000000 5.6663067438
643.5000000000 5.7024832641
643.6250000000 5.7388099498
643.7500000000 5.7752867312
643.8750000000 5.8119135318
644.0000000000 5.8486902686
644.1250000000 5.8856168512
644.2500000000 5.9226931827
644.3750000000 5.9599191590
644.5000000000 5.9972946692
644.6250000000 6.0348195951
644.7500000000 6.0724938116
644.8750000000 6.1103171866
645.0000000000 6.1482895807
645.1250000000 6.1864108472
645.2500000000 6.2246808325
645.3750000000 6.2630993755
645.5000000000 6.3016663080
645.6250000000 6.3403814542
645.7500000000 6.3792446311
645.8750000000 6.4182556485
646.0000000000 6.4574143085
646.1250000000 6.4967204057
646.2500000000 6.5361737274
646.3750000000 6.5757740533
646.5000000000 6.6155211556
646.6250000000 6.6554147986
646.7500000000 6.6954547394
646.8750000000 6.7356407272
647.0000000000 6.7759725035
647.1250000000 6.8164498021
647.2500000000 6.8570723490
647.3750000000 6.8978398626
647.5000000000 6.9387520533
647.6250000000 6.9798086237
647.7500000000 7.0210092684
647.8750000000 7.0623536744
648.0000000000 7.1038415205
648.1250000000 7.1454724776
648.2500000000 7.1872462086
648.3750000000 7.2291623684
648.5000000000 7.2712206039
648.6250000000 7.3134205538
648.7500000000 7.3557618489
648.8750000000 7.3982441116
649.0000000000 7.4408669563
649.1250000000 7.4836299892
649.2500000000 7.5265328084
649.3750000000 7.5695750036
649.5000000000 7.6127561563
649.6250000000 7.6560758399
649.7500000000 7.6995336191
649.8750000000 7.7431290507
650.0000000000 7.7868616828
650.1250000000 7.8307310556
650.2500000000 7.8747367003
650.3750000000 7.9188781403
650.5000000000 7.9631548901
650.6250000000 8.0075664560
650.7500000000 8.0521123357
650.8750000000 8.0967920186
651.0000000000 8.1416049854
651.1250000000 8.1865507084
651.2500000000 8.2316286513
651.3750000000 8.2768382693
651.5000000000 8.3221790089
651.6250000000 8.3676503081
651.7500000000 8.4132515964
651.8750000000 8.4589822945
652.0000000000 8.5048418145
652.1250000000 8.5508295599
652.2500000000 8.5969449256
652.3750000000 8.6431872977
652.5000000000 8.6895560537
652.6250000000 8.7360505624
652.7500000000 8.7826701837
652.8750000000 8.8294142692
653.0000000000 8.8762821614
653.1250000000 8.9232731941
653.2500000000 8.9703866926
653.3750000000 9.0176219732
653.5000000000 9.0649783434
653.6250000000 9.1124551023
653.7500000000 9.1600515398
653.8750000000 9.2077669372
654.0000000000 9.2556005671
654.1250000000 9.3035516932
654.2500000000 9.3516195703
654.3750000000 9.3998034446
654.5000000000 9.4481025535
654.6250000000 9.4965161253
654.7500000000 9.5450433799
654.8750000000 9.5936835282
655.0000000000 9.6424357722
655.1250000000 9.6912993052
655.2500000000 9.7402733117
655.3750000000 9.7893569674
655.5000000000 9.8385494391
655.6250000000 9.8878498850
655.7500000000 9.9372574542
655.8750000000 9.9867712873
656.0000000000 10.0363905160
656.1250000000 10.0861142631
656.2500000000 10.1359416429
656.3750000000 10.1858717606
656.5000000000 10.2359037129
656.6250000000 10.2860365876
656.7500000000 10.3362694638
656.8750000000 10.3866014118
657.0000000000 10.4370314933
657.1250000000 10.4875587612
657.2500000000 10.5381822597
657.3750000000 10.5889010244
657.5000000000 10.6397140819
657.6250000000 10.6906204505
657.7500000000 10.7416191397
657.8750000000 10.7927091504
658.0000000000 10.8438894747
658.1250000000 10.8951590963
658.2500000000 10.9465169903
658.3750000000 10.9979621230
658.5000000000 11.0494934525
658.6250000000 11.1011099279
658.7500000000 11.1528104902
658.8750000000 11.2045940718
659.0000000000 11.2564595964
659.1250000000 11.3084059794
659.2500000000 11.3604321279
659.3750000000 11.4125369404
659.5000000000 11.4647193069
659.6250000000 11.5169781094
659.7500000000 11.5693122213
659.8750000000 11.6217205077
660.0000000000 11.6742018254
660.1250000000 11.7267550231
660.2500000000 11.7793789410
660.3750000000 11.8320724114
660.5000000000 11.8848342581
660.6250000000 11.9376632971
660.7500000000 11.9905583360
660.8750000000 12.0435181745
661.0000000000 12.0965416040
661.1250000000 12.1496274082
661.2500000000 12.2027743626
661.3750000000 12.2559812348
661.5000000000 12.3092467845
661.6250000000 12.3625697635
661.7500000000 12.4159489157
661.8750000000 12.4693829773
662.0000000000 12.5228706767
662.1250000000 12.5764107344
662.2500000000 12.6300018635
662.3750000000 12.6836427692
662.5000000000 12.7373321492
662.6250000000 12.7910686935
662.7500000000 12.8448510849
662.8750000000 12.8986779983
663.0000000000 12.9525481013
663.1250000000 13.0064600542
663.2500000000 13.0604125099
663.3750000000 13.1144041139
663.5000000000 13.1684335045
663.6250000000 13.2224993128
663.7500000000 13.2766001626
663.8750000000 13.3307346709
664.0000000000 13.3849014472
664.1250000000 13.4390990943
664.2500000000 13.4933262078
664.3750000000 13.5475813766
664.5000000000 13.6018631825
664.6250000000 13.6561702006
664.7500000000 13.7105009994
664.8750000000 13.7648541403
665.0000000000 13.8192281783
665.1250000000 13.8736216618
665.2500000000 13.9280331326
665.3750000000 13.9824611260
665.5000000000 14.0369041709
665.6250000000 14.0913607898
665.7500000000 14.1458294989
665.8750000000 14.2003088080
666.0000000000 14.2547972210
666.1250000000 14.3092932354
666.2500000000 14.3637953428
666.3750000000 14.4183020287
666.5000000000 14.4728117725
666.6250000000 14.5273230481
666.7500000000 14.5818343231
666.8750000000 14.6363440598
667.0000000000 14.6908507144
667.1250000000 14.7453527378
667.2500000000 14.7998485751
667.3750000000 14.8543366661
667.5000000000 14.9088154450
667.6250000000 14.9632833407
667.7500000000 15.0177387768
667.8750000000 15.0721801718
668.0000000000 15.1266059389
668.1250000000 15.1810144863
668.2500000000 15.2354042171
668.3750000000 15.2897735295
668.5000000000 15.3441208170
668.6250000000 15.3984444681
668.7500000000 15.4527428666
668.8750000000 15.5070143918
669.0000000000 15.5612574183
669.1250000000 15.6154703163
669.2500000000 15.6696514515
669.3750000000 15.7237991854
669.5000000000 15.7779118750
669.6250000000 15.8319878733
669.7500000000 15.8860255292
669.8750000000 15.9400231876
670.0000000000 15.9939791892
670.1250000000 16.0478918712
670.2500000000 16.1017595668
670.3750000000 16.1555806055
670.5000000000 16.2093533131
670.6250000000 16.2630760122
670.7500000000 16.3167470216
670.8750000000 16.3703646569
671.0000000000 16.4239272302
671.1250000000 16.4774330508
671.2500000000 16.5308804244
671.3750000000 16.5842676540
671.5000000000 16.6375930396
671.6250000000 16.6908548782
671.7500000000 16.7440514642
671.8750000000 16.7971810892
672.0000000000 16.8502420421
672.1250000000 16.9032326096
672.2500000000 16.9561510757
672.3750000000 17.0089957222
672.5000000000 17.0617648286
672.6250000000 17.1144566722
672.7500000000 17.1670695283
672.8750000000 17.2196016703
673.0000000000 17.2720513696
673.1250000000 17.3244168959
673.2500000000 17.3766965171
673.3750000000 17.4288884995
673.5000000000 17.4809911081
673.6250000000 17.5330026062
673.7500000000 17.5849212559
673.8750000000 17.6367453181
674.0000000000 17.6884730525
674.1250000000 17.7401027178
674.2500000000 17.7916325717
674.3750000000 17.8430608712
674.5000000000 17.8943858723
674.6250000000 17.9456058306
674.7500000000 17.9967190009
674.8750000000 18.0477236377
675.0000000000 18.0986179951
675.1250000000 18.1494003269
675.2500000000 18.2000688867
675.3750000000 18.2506219281
675.5000000000 18.3010577046
675.6250000000 18.3513744701
675.7500000000 18.4015704783
675.8750000000 18.4516439835
676.0000000000 18.5015932404
676.1250000000 18.5514165042
676.2500000000 18.6011120307
676.3750000000 18.6506780764
676.5000000000 18.7001128986
676.6250000000 18.7494147556
676.7500000000 18.7985819066
676.8750000000 18.8476126121
677.0000000000 18.8965051337
677.1250000000 18.9452577343
677.2500000000 18.9938686783
677.3750000000 19.0423362315
677.5000000000 19.0906586615
677.6250000000 19.1388342375
677.7500000000 19.1868612306
677.8750000000 19.2347379138
678.0000000000 19.2824625621
678.1250000000 19.3300334528
678.2500000000 19.3774488653
678.3750000000 19.4247070813
678.5000000000 19.4718063850
678.6250000000 19.5187450632
678.7500000000 19.5655214053
678.8750000000 19.6121337035
679.0000000000 19.6585802528
679.1250000000 19.7048593511
679.2500000000 19.7509692996
679.3750000000 19.7969084024
679.5000000000 19.8426749670
679.6250000000 19.8882673042
679.7500000000 19.9336837284
679.8750000000 19.9789225575
680.0000000000 20.0239821131
680.1250000000 20.0688607205
680.2500000000 20.1135567090
680.3750000000 20.1580684118
680.5000000000 20.2023941662
680.6250000000 20.2465323139
680.7500000000 20.2904812006
680.8750000000 20.3342391765
681.0000000000 20.3778045965
681.1250000000 20.4211758197
681.2500000000 20.4643512104
681.3750000000 20.5073291372
681.5000000000 20.5501079741
681.6250000000 20.5926860998
681.7500000000 20.6350618981
681.8750000000 20.6772337582
682.0000000000 20.7192000746
682.1250000000 20.7609592472
682.2500000000 20.8025096812
682.3750000000 20.8438497876
682.5000000000 20.8849779834
682.6250000000 20.9258926909
682.7500000000 20.9665923386
682.8750000000 21.0070753611
683.0000000000 21.0473401990
683.1250000000 21.0873852992
683.2500000000 21.1272091148
683.3750000000 21.1668101054
683.5000000000 21.2061867372
683.6250000000 21.2453374829
683.7500000000 21.2842608219
683.8750000000 21.3229552407
684.0000000000 21.3614192323
684.1250000000 21.3996512969
684.2500000000 21.4376499420
684.3750000000 21.4754136820
684.5000000000 21.5129410388
684.6250000000 21.5502305416
684.7500000000 21.5872807272
684.8750000000 21.6240901398
685.0000000000 21.6606573315
685.1250000000 21.6969808620
685.2500000000 21.7330592991
685.3750000000 21.7688912184
685.5000000000 21.8044752036
685.6250000000 21.8398098465
685.7500000000 21.8748937473
685.8750000000 21.9097255143
686.0000000000 21.9443037645
686.1250000000 21.9786271233
686.2500000000 22.0126942246
686.3750000000 22.0465037113
686.5000000000 22.0800542349
686.6250000000 22.1133444557
686.7500000000 22.1463730431
686.8750000000 22.1791386755
687.0000000000 22.2116400407
687.1250000000 22.2438758353
687.2500000000 22.2758447656
687.3750000000 22.3075455472
687.5000000000 22.3389769050
687.6250000000 22.3701375738
687.7500000000 22.4010262978
687.8750000000 22.4316418312
688.0000000000 22.4619829379
688.1250000000 22.4920483916
688.2500000000 22.5218369762
688.3750000000 22.5513474856
688.5000000000 22.5805787239
688.6250000000 22.6095295054
688.7500000000 22.6381986548
688.8750000000 22.6665850071
689.0000000000 22.6946874079
689.1250000000 22.7225047131
689.2500000000 22.7500357897
689.3750000000 22.7772795150
689.5000000000 22.8042347773
689.6250000000 22.8309004757
689.7500000000 22.8572755202
689.8750000000 22.8833588320
690.0000000000 22.9091493432
690.1250000000 22.9346459971
690.2500000000 22.9598477484
690.3750000000 22.9847535628
690.5000000000 23.0093624176
690.6250000000 23.0336733016
690.7500000000 23.0576852149
690.8750000000 23.0813971694
691.0000000000 23.1048081885
691.1250000000 23.1279173074
691.2500000000 23.1507235730
691.3750000000 23.1732260442
691.5000000000 23.1954237917
691.6250000000 23.2173158983
691.7500000000 23.2389014586
691.8750000000 23.2601795796
692.0000000000 23.2811493803
692.1250000000 23.3018099919
692.2500000000 23.3221605580
692.3750000000 23.3422002346
692.5000000000 23.3619281898
692.6250000000 23.3813436045
692.7500000000 23.4004456720
692.8750000000 23.4192335982
693.0000000000 23.4377066015
693.1250000000 23.4558639131
693.2500000000 23.4737047769
693.3750000000 23.4912284498
693.5000000000 23.5084342011
693.6250000000 23.5253213135
693.7500000000 23.5418890822
693.8750000000 23.5581368156
694.0000000000 23.5740638353
694.1250000000 23.5896694757
694.2500000000 23.6049530844
694.3750000000 23.6199140224
694.5000000000 23.6345516636
694.6250000000 23.6488653953
694.7500000000 23.6628546183
694.8750000000 23.6765187465
695.0000000000 23.6898572072
695.1250000000 23.7028694414
695.2500000000 23.7155549032
695.3750000000 23.7279130605
695.5000000000 23.7399433946
695.6250000000 23.7516454005
695.7500000000 23.7630185867
695.8750000000 23.7740624754
696.0000000000 23.7847766024
696.1250000000 23.7951605175
696.2500000000 23.8052137840
696.3750000000 23.8149359790
696.5000000000 23.8243266934
696.6250000000 23.8333855321
696.7500000000 23.8421121138
696.8750000000 23.8505060709
697.0000000000 23.8585670500
697.1250000000 23.8662947114
697.2500000000 23.8736887297
697.3750000000 23.8807487931
697.5000000000 23.8874746042
697.6250000000 23.8938658792
697.7500000000 23.8999223487
697.8750000000 23.9056437573
698.0000000000 23.9110298635
698.1250000000 23.9160804403
698.2500000000 23.9207952744
698.3750000000 23.9251741670
698.5000000000 23.9292169331
698.6250000000 23.9329234022
698.7500000000 23.9362934177
698.8750000000 23.9393268373
699.0000000000 23.9420235331
699.1250000000 23.9443833911
699.2500000000 23.9464063116
699.3750000000 23.9480922093
699.5000000000 23.9494410129
699.6250000000 23.9504526655
699.7500000000 23.9511271243
699.8750000000 23.9514643608
700.0000000000 23.9514643608
700.1250000000 23.9511271243
700.2500000000 23.9504526655
700.3750000000 23.9494410129
700.5000000000 23.9480922093
700.6250000000 23.9464063116
700.7500000000 23.9443833911
700.8750000000 23.9420235331
701.0000000000 23.9393268373
701.1250000000 23.9362934177
701.2500000000 23.9329234022
701.3750000000 23.9292169331
701.5000000000 23.9251741670
701.6250000000 23.9207952744
701.7500000000 23.9160804403
701.8750000000 23.9110298635
702.0000000000 23.9056437573
702.1250000000 23.8999223487
702.2500000000 23.8938658792
702.3750000000 23.8874746042
702.5000000000 23.8807487931
702.6250000000 23.8736887297
702.7500000000 23.8662947114
702.8750000000 23.8585670500
703.0000000000 23.8505060709
703.1250000000 23.8421121138
703.2500000000 23.8333855321
703.3750000000 23.8243266934
703.5000000000 23.8149359790
703.6250000000 23.8052137840
703.7500000000 23.7951605175
703.8750000000 23.7847766024
704.0000000000 23.7740624754
704.1250000000 23.7630185867
704.2500000000 23.7516454005
704.3750000000 23.7399433946
704.5000000000 23.7279130605
704.6250000000 23.7155549032
704.7500000000 23.7028694414
704.8750000000 23.6898572072
705.0000000000 23.6765187465
705.1250000000 23.6628546183
705.2500000000 23.6488653953
705.3750000000 23.6345516636
705.5000000000 23.6199140224
705.6250000000 23.6049530844
705.7500000000 23.5896694757
705.8750000000 23.5740638353
706.0000000000 23.5581368156
706.1250000000 23.5418890822
706.2500000000 23.5253213135
706.3750000000 23.5084342011
706.5000000000 23.4912284498
706.6250000000 23.4737047769
706.7500000000 23.4558639131
706.8750000000 23.4377066015
707.0000000000 23.4192335982
707.1250000000 23.4004456720
707.2500000000 23.3813436045
707.3750000000 23.3619281898
707.5000000000 23.3422002346
707.6250000000 23.3221605580
707.7500000000 23.3018099919
707.8750000000 23.2811493803
708.0000000000 23.2601795796
708.1250000000 23.2389014586
708.2500000000 23.2173158983
708.3750000000 23.1954237917
708.5000000000 23.1732260442
708.6250000000 23.1507235730
708.7500000000 23.1279173074
708.8750000000 23.1048081885
709.0000000000 23.0813971694
709.1250000000 23.0576852149
709.2500000000 23.0336733016
709.3750000000 23.0093624176
709.5000000000 22.9847535628
709.6250000000 22.9598477484
709.7500000000 22.9346459971
709.8750000000 22.9091493432
710.0000000000 22.8833588320
710.1250000000 22.8572755202
710.2500000000 22.8309004757
710.3750000000 22.8042347773
710.5000000000 22.7772795150
710.6250000000 22.7500357897
710.7500000000 22.7225047131
710.8750000000 22.6946874079
711.0000000000 22.6665850071
711.1250000000 22.6381986548
711.2500000000 22.6095295054
711.3750000000 22.5805787239
711.5000000000 22.5513474856
711.6250000000 22.5218369762
711.7500000000 22.4920483916
711.8750000000 22.4619829379
712.0000000000 22.4316418312
712.1250000000 22.4010262978
712.2500000000 22.3701375738
712.3750000000 22.3389769050
712.5000000000 22.3075455472
712.6250000000 22.2758447656
712.7500000000 22.2438758353
712.8750000000 22.2116400407
713.0000000000 22.1791386755
713.1250000000 22.1463730431
713.2500000000 22.1133444557
713.3750000000 22.0800542349
713.5000000000 22.0465037113
713.6250000000 22.0126942246
713.7500000000 21.9786271233
713.8750000000 21.9443037645
714.0000000000 21.9097255143
714.1250000000 21.8748937473
714.2500000000 21.8398098465
714.3750000000 21.8044752036
714.5000000000 21.7688912184
714.6250000000 21.7330592991
714.7500000000 21.6969808620
714.8750000000 21.6606573315
715.0000000000 21.6240901398
715.1250000000 21.5872807272
715.2500000000 21.5502305416
715.3750000000 21.5129410388
715.5000000000 21.4754136820
715.6250000000 21.4376499420
715.7500000000 21.3996512969
715.8750000000 21.3614192323
716.0000000000 21.3229552407
716.1250000000 21.2842608219
716.2500000000 21.2453374829
716.3750000000 21.2061867372
716.5000000000 21.1668101054
716.6250000000 21.1272091148
716.7500000000 21.0873852992
716.8750000000 21.0473401990
717.0000000000 21.0070753611
717.1250000000 20.9665923386
717.2500000000 20.9258926909
717.3750000000 20.8849779834
717.5000000000 20.8438497876
717.6250000000 20.8025096812
717.7500000000 20.7609592472
717.8750000000 20.7192000746
718.0000000000 20.6772337582
718.1250000000 20.6350618981
718.2500000000 20.5926860998
718.3750000000 20.5501079741
718.5000000000 20.5073291372
718.6250000000 20.4643512104
718.7500000000 20.4211758197
718.8750000000 20.3778045965
719.0000000000 20.3342391765
719.1250000000 20.2904812006
719.2500000000 20.2465323139
719.3750000000 20.2023941662
719.5000000000 20.1580684118
719.6250000000 20.1135567090
719.7500000000 20.0688607205
719.8750000000 20.0239821131
720.0000000000 19.9789225575
720.1250000000 19.9336837284
720.2500000000 19.8882673042
720.3750000000 19.8426749670
720.5000000000 19.7969084024
720.6250000000 19.7509692996
720.7500000000 19.7048593511
720.8750000000 19.6585802528
721.0000000000 19.6121337035
721.1250000000 19.5655214053
721.2500000000 19.5187450632
721.3750000000 19.4718063850
721.5000000000 19.4247070813
721.6250000000 19.3774488653
721.7500000000 19.3300334528
721.8750000000 19.2824625621
722.0000000000 19.2347379138
722.1250000000 19.1868612306
722.2500000000 19.1388342375
722.3750000000 19.0906586615
722.5000000000 19.0423362315
722.6250000000 18.9938686783
722.7500000000 18.9452577343
722.8750000000 18.8965051337
723.0000000000 18.8476126121
723.1250000000 18.7985819066
723.2500000000 18.7494147556
723.3750000000 18.7001128986
723.5000000000 18.6506780764
723.6250000000 18.6011120307
723.7500000000 18.5514165042
723.8750000000 18.5015932404
724.0000000000 18.4516439835
724.1250000000 18.4015704783
724.2500000000 18.3513744701
724.3750000000 18.3010577046
724.5000000000 18.2506219281
724.6250000000 18.2000688867
724.7500000000 18.1494003269
724.8750000000 18.0986179951
725.0000000000 18.0477236377
725.1250000000 17.9967190009
725.2500000000 17.9456058306
725.3750000000 17.8943858723
725.5000000000 17.8430608712
725.6250000000 17.7916325717
725.7500000000 17.7401027178
725.8750000000 17.6884730525
726.0000000000 17.6367453181
726.1250000000 17.5849212559
726.2500000000 17.5330026062
726.3750000000 17.4809911081
726.5000000000 17.4288884995
726.6250000000 17.3766965171
726.7500000000 17.3244168959
726.8750000000 17.2720513696
727.0000000000 17.2196016703
727.1250000000 17.1670695283
727.2500000000 17.1144566722
727.3750000000 17.0617648286
727.5000000000 17.0089957222
727.6250000000 16.9561510757
727.7500000000 16.9032326096
727.8750000000 16.8502420421
728.0000000000 16.7971810892
728.1250000000 16.7440514642
728.2500000000 16.6908548782
728.3750000000 16.6375930396
728.5000000000 16.5842676540
728.6250000000 16.5308804244
728.7500000000 16.4774330508
728.8750000000 16.4239272302
729.0000000000 16.3703646569
729.1250000000 16.3167470216
729.2500000000 16.2630760122
729.3750000000 16.2093533131
729.5000000000 16.1555806055
729.6250000000 16.1017595668
729.7500000000 16.0478918712
729.8750000000 15.9939791892
730.0000000000 15.9400231876
730.1250000000 15.8860255292
730.2500000000 15.8319878733
730.3750000000 15.7779118750
730.5000000000 15.7237991854
730.6250000000 15.6696514515
730.7500000000 15.6154703163
730.8750000000 15.5612574183
731.0000000000 15.5070143918
731.1250000000 15.4527428666
731.2500000000 15.3984444681
731.3750000000 15.3441208170
731.5000000000 15.2897735295
731.6250000000 15.2354042171
731.7500000000 15.1810144863
731.8750000000 15.1266059389
732.0000000000 15.0721801718
732.1250000000 15.0177387768
732.2500000000 14.9632833407
732.3750000000 14.9088154450
732.5000000000 14.8543366661
732.6250000000 14.7998485751
732.7500000000 14.7453527378
732.8750000000 14.6908507144
733.0000000000 14.6363440598
733.1250000000 14.5818343231
733.2500000000 14.5273230481
733.3750000000 14.4728117725
733.5000000000 14.4183020287
733.6250000000 14.3637953428
733.7500000000 14.3092932354
733.8750000000 14.2547972210
734.0000000000 14.2003088080
734.1250000000 14.1458294989
734.2500000000 14.0913607898
734.3750000000 14.0369041709
734.5000000000 13.9824611260
734.6250000000 13.9280331326
734.7500000000 13.8736216618
734.8750000000 13.8192281783
735.0000000000 13.7648541403
735.1250000000 13.7105009994
735.2500000000 13.6561702006
735.3750000000 13.6018631825
735.5000000000 13.5475813766
735.6250000000 13.4933262078
735.7500000000 13.4390990943
735.8750000000 13.3849014472
736.0000000000 13.3307346709
736.1250000000 13.2766001626
736.2500000000 13.2224993128
736.3750000000 13.1684335045
736.5000000000 13.1144041139
736.6250000000 13.0604125099
736.7500000000 13.0064600542
736.8750000000 12.9525481013
737.0000000000 12.8986779983
737.1250000000 12.8448510849
737.2500000000 12.7910686935
737.3750000000 12.7373321492
737.5000000000 12.6836427692
737.6250000000 12.6300018635
737.7500000000 12.5764107344
737.8750000000 12.5228706767
738.0000000000 12.4693829773
738.1250000000 12.4159489157
738.2500000000 12.3625697635
738.3750000000 12.3092467845
738.5000000000 12.2559812348
738.6250000000 12.2027743626
738.7500000000 12.1496274082
738.8750000000 12.0965416040
739.0000000000 12.0435181745
739.1250000000 11.9905583360
739.2500000000 11.9376632971
739.3750000000 11.8848342581
739.5000000000 11.8320724114
739.6250000000 11.7793789410
739.7500000000 11.7267550231
739.8750000000 11.6742018254
740.0000000000 11.6217205077
740.1250000000 11.5693122213
740.2500000000 11.5169781094
740.3750000000 11.4647193069
740.5000000000 11.4125369404
740.6250000000 11.3604321279
740.7500000000 11.3084059794
740.8750000000 11.2564595964
741.0000000000 11.2045940718
741.1250000000 11.1528104902
741.2500000000 11.1011099279
741.3750000000 11.0494934525
741.5000000000 10.9979621230
741.6250000000 10.9465169903
741.7500000000 10.8951590963
741.8750000000 10.8438894747
742.0000000000 10.7927091504
742.1250000000 10.7416191397
742.2500000000 10.6906204505
742.3750000000 10.6397140819
742.5000000000 10.5889010244
742.6250000000 10.5381822597
742.7500000000 10.4875587612
742.8750000000 10.4370314933
743.0000000000 10.3866014118
743.1250000000 10.3362694638
743.2500000000 10.2860365876
743.3750000000 10.2359037129
743.5000000000 10.1858717606
743.6250000000 10.1359416429
743.7500000000 10.0861142631
743.8750000000 10.0363905160
744.0000000000 9.9867712873
744.1250000000 9.9372574542
744.2500000000 9.8878498850
744.3750000000 9.8385494391
744.5000000000 9.7893569674
744.6250000000 9.7402733117
744.7500000000 9.6912993052
744.8750000000 9.6424357722
745.0000000000 9.5936835282
745.1250000000 9.5450433799
745.2500000000 9.4965161253
745.3750000000 9.4481025535
745.5000000000 9.3998034446
745.6250000000 9.3516195703
745.7500000000 9.3035516932
745.8750000000 9.2556005671
746.0000000000 9.2077669372
746.1250000000 9.1600515398
746.2500000000 9.1124551023
746.3750000000 9.0649783434
746.5000000000 9.0176219732
746.6250000000 8.9703866926
746.7500000000 8.9232731941
746.8750000000 8.8762821614
747.0000000000 8.8294142692
747.1250000000 8.7826701837
747.2500000000 8.7360505624
747.3750000000 8.6895560537
747.5000000000 8.6431872977
747.6250000000 8.5969449256
747.7500000000 8.5508295599
747.8750000000 8.5048418145
748.0000000000 8.4589822945
748.1250000000 8.4132515964
748.2500000000 8.3676503081
748.3750000000 8.3221790089
748.5000000000 8.2768382693
748.6250000000 8.2316286513
748.7500000000 8.1865507084
748.8750000000 8.1416049854
749.0000000000 8.0967920186
749.1250000000 8.0521123357
749.2500000000 8.0075664560
749.3750000000 7.9631548901
749.5000000000 7.9188781403
749.6250000000 7.8747367003
749.7500000000 7.8307310556
749.8750000000 7.7868616828
750.0000000000 7.7431290507
750.1250000000 7.6995336191
750.2500000000 7.6560758399
750.3750000000 7.6127561563
750.5000000000 7.5695750036
750.6250000000 7.5265328084
750.7500000000 7.4836299892
750.8750000000 7.4408669563
751.0000000000 7.3982441116
751.1250000000 7.3557618489
751.2500000000 7.3134205538
751.3750000000 7.2712206039
751.5000000000 7.2291623684
751.6250000000 7.1872462086
751.7500000000 7.1454724776
751.8750000000 7.1038415205
752.0000000000 7.0623536744
752.1250000000 7.0210092684
752.2500000000 6.9798086237
752.3750000000 6.9387520533
752.5000000000 6.8978398626
752.6250000000 6.8570723490
752.7500000000 6.8164498021
752.8750000000 6.7759725035
753.0000000000 6.7356407272
753.1250000000 6.6954547394
753.2500000000 6.6554147986
753.3750000000 6.6155211556
753.5000000000 6.5757740533
753.6250000000 6.5361737274
753.7500000000 6.4967204057
753.8750000000 6.4574143085
754.0000000000 6.4182556485
754.1250000000 6.3792446311
754.2500000000 6.3403814542
754.3750000000 6.3016663080
754.5000000000 6.2630993755
754.6250000000 6.2246808325
754.7500000000 6.1864108472
754.8750000000 6.1482895807
755.0000000000 6.1103171866
755.1250000000 6.0724938116
755.2500000000 6.0348195951
755.3750000000 5.9972946692
755.5000000000 5.9599191590
755.6250000000 5.9226931827
755.7500000000 5.8856168512
755.8750000000 5.8486902686
756.0000000000 5.8119135318
756.1250000000 5.7752867312
756.2500000000 5.7388099498
756.3750000000 5.7024832641
756.5000000000 5.6663067438
756.6250000000 5.6302804517
756.7500000000 5.5944044439
756.8750000000 5.5586787699
757.0000000000 5.5231034724
757.1250000000 5.4876785876
757.2500000000 5.4524041453
757.3750000000 5.4172801684
757.5000000000 5.3823066736
757.6250000000 5.3474836711
757.7500000000 5.3128111646
757.8750000000 5.2782891516
758.0000000000 5.2439176231
758.1250000000 5.2096965640
758.2500000000 5.1756259528
758.3750000000 5.1417057619
758.5000000000 5.1079359576
758.6250000000 5.0743165000
758.7500000000 5.0408473431
758.8750000000 5.0075284350
759.0000000000 4.9743597176
759.1250000000 4.9413411272
759.2500000000 4.9084725940
759.3750000000 4.8757540422
759.5000000000 4.8431853904
759.6250000000 4.8107665515
759.7500000000 4.7784974324
759.8750000000 4.7463779346
760.0000000000 4.7144079538
760.1250000000 4.6825873801
760.2500000000 4.6509160982
760.3750000000 4.6193939870
760.5000000000 4.5880209204
760.6250000000 4.5567967664
760.7500000000 4.5257213879
760.8750000000 4.4947946424
761.0000000000 4.4640163822
761.1250000000 4.4333864543
761.2500000000 4.4029047004
761.3750000000 4.3725709572
761.5000000000 4.3423850562
761.6250000000 4.3123468239
761.7500000000 4.2824560818
761.8750000000 4.2527126464
762.0000000000 4.2231163291
762.1250000000 4.1936669368
762.2500000000 4.1643642711
762.3750000000 4.1352081293
762.5000000000 4.1061983035
762.6250000000 4.0773345814
762.7500000000 4.0486167459
762.8750000000 4.0200445754
763.0000000000 3.9916178435
763.1250000000 3.9633363196
763.2500000000 3.9351997683
763.3750000000 3.9072079501
763.5000000000 3.8793606207
763.6250000000 3.8516575319
763.7500000000 3.8240984310
763.8750000000 3.7966830608
764.0000000000 3.7694111604
764.1250000000 3.7422824642
764.2500000000 3.7152967030
764.3750000000 3.6884536031
764.5000000000 3.6617528871
764.6250000000 3.6351942732
764.7500000000 3.6087774761
764.8750000000 3.5825022064
765.0000000000 3.5563681709
765.1250000000 3.5303750724
765.2500000000 3.5045226103
765.3750000000 3.4788104799
765.5000000000 3.4532383731
765.6250000000 3.4278059781
765.7500000000 3.4025129795
765.8750000000 3.3773590582
766.0000000000 3.3523438919
766.1250000000 3.3274671546
766.2500000000 3.3027285171
766.3750000000 3.2781276466
766.5000000000 3.2536642072
766.6250000000 3.2293378596
766.7500000000 3.2051482612
766.8750000000 3.1810950665
767.0000000000 3.1571779264
767.1250000000 3.1333964891
767.2500000000 3.1097503996
767.3750000000 3.0862392998
767.5000000000 3.0628628286
767.6250000000 3.0396206223
767.7500000000 3.0165123138
767.8750000000 2.9935375336
768.0000000000 2.9706959091
768.1250000000 2.9479870651
768.2500000000 2.9254106236
768.3750000000 2.9029662039
768.5000000000 2.8806534229
768.6250000000 2.8584718945
768.7500000000 2.8364212303
768.8750000000 2.8145010394
769.0000000000 2.7927109284
769.1250000000 2.7710505014
769.2500000000 2.7495193601
769.3750000000 2.7281171040
769.5000000000 2.7068433302
769.6250000000 2.6856976334
769.7500000000 2.6646796064
769.8750000000 2.6437888395
770.0000000000 2.6230249209
770.1250000000 2.6023874370
770.2500000000 2.5818759717
770.3750000000 2.5614901071
770.5000000000 2.5412294234
770.6250000000 2.5210934986
770.7500000000 2.5010819090
770.8750000000 2.4811942290
771.0000000000 2.4614300310
771.1250000000 2.4417888859
771.2500000000 2.4222703625
771.3750000000 2.4028740282
771.5000000000 2.3835994486
771.6250000000 2.3644461875
771.7500000000 2.3454138074
771.8750000000 2.3265018689
772.0000000000 2.3077099314
772.1250000000 2.2890375526
772.2500000000 2.2704842888
772.3750000000 2.2520496949
772.5000000000 2.2337333244
772.6250000000 2.2155347294
772.7500000000 2.1974534609
772.8750000000 2.1794890683
773.0000000000 2.1616410999
773.1250000000 2.1439091031
773.2500000000 2.1262926236
773.3750000000 2.1087912064
773.5000000000 2.0914043952
773.6250000000 2.0741317326
773.7500000000 2.0569727604
773.8750000000 2.0399270191
774.0000000000 2.0229940485
774.1250000000 2.0061733873
774.2500000000 1.9894645734
774.3750000000 1.9728671438
774.5000000000 1.9563806348
774.6250000000 1.9400045817
774.7500000000 1.9237385191
774.8750000000 1.9075819810
775.0000000000 1.8915345006
775.1250000000 1.8755956104
775.2500000000 1.8597648424
775.3750000000 1.8440417278
775.5000000000 1.8284257975
775.6250000000 1.8129165816
775.7500000000 1.7975136098
775.8750000000 1.7822164114
776.0000000000 1.7670245152
776.1250000000 1.7519374495
776.2500000000 1.7369547423
776.3750000000 1.7220759212
776.5000000000 1.7073005136
776.6250000000 1.6926280464
776.7500000000 1.6780580463
776.8750000000 1.6635900399
777.0000000000 1.6492235535
777.1250000000 1.6349581131
777.2500000000 1.6207932448
777.3750000000 1.6067284743
777.5000000000 1.5927633273
777.6250000000 1.5788973295
777.7500000000 1.5651300066
777.8750000000 1.5514608840
778.0000000000 1.5378894875
778.1250000000 1.5244153427
778.2500000000 1.5110379752
778.3750000000 1.4977569109
778.5000000000 1.4845716756
778.6250000000 1.4714817955
778.7500000000 1.4584867967
778.8750000000 1.4455862056
779.0000000000 1.4327795488
779.1250000000 1.4200663533
779.2500000000 1.4074461461
779.3750000000 1.3949184547
779.5000000000 1.3824828067
779.6250000000 1.3701387303
779.7500000000 1.3578857538
779.8750000000 1.3457234061
780.0000000000 1.3336512164
780.1250000000 1.3216687142
780.2500000000 1.3097754298
780.3750000000 1.2979708937
780.5000000000 1.2862546369
780.6250000000 1.2746261910
780.7500000000 1.2630850882
780.8750000000 1.2516308610
781.0000000000 1.2402630429
781.1250000000 1.2289811675
781.2500000000 1.2177847695
781.3750000000 1.2066733839
781.5000000000 1.1956465466
781.6250000000 1.1847037940
781.7500000000 1.1738446633
781.8750000000 1.1630686924
782.0000000000 1.1523754199
782.1250000000 1.1417643853
782.2500000000 1.1312351288
782.3750000000 1.1207871913
782.5000000000 1.1104201146
782.6250000000 1.1001334414
782.7500000000 1.0899267151
782.8750000000 1.0797994802
783.0000000000 1.0697512819
783.1250000000 1.0597816662
783.2500000000 1.0498901804
783.3750000000 1.0400763725
783.5000000000 1.0303397913
783.6250000000 1.0206799869
783.7500000000 1.0110965102
783.8750000000 1.0015889131
784.0000000000 0.9921567486
784.1250000000 0.9827995707
784.2500000000 0.9735169345
784.3750000000 0.9643083959
784.5000000000 0.9551735123
784.6250000000 0.9461118419
784.7500000000 0.9371229442
784.8750000000 0.9282063795
785.0000000000 0.9193617097
785.1250000000 0.9105884975
785.2500000000 0.9018863069
785.3750000000 0.8932547030
785.5000000000 0.8846932521
785.6250000000 0.8762015219
785.7500000000 0.8677790811
785.8750000000 0.8594254997
786.0000000000 0.8511403489
786.1250000000 0.8429232013
786.2500000000 0.8347736305
786.3750000000 0.8266912116
786.5000000000 0.8186755209
786.6250000000 0.8107261361
786.7500000000 0.8028426361
786.8750000000 0.7950246011
787.0000000000 0.7872716128
787.1250000000 0.7795832540
787.2500000000 0.7719591091
787.3750000000 0.7643987637
787.5000000000 0.7569018048
787.6250000000 0.7494678209
787.7500000000 0.7420964016
787.8750000000 0.7347871383
788.0000000000 0.7275396235
788.1250000000 0.7203534514
788.2500000000 0.7132282172
788.3750000000 0.7061635180
788.5000000000 0.6991589520
788.6250000000 0.6922141191
788.7500000000 0.6853286206
788.8750000000 0.6785020591
789.0000000000 0.6717340388
789.1250000000 0.6650241655
789.2500000000 0.6583720464
789.3750000000 0.6517772901
789.5000000000 0.6452395068
789.6250000000 0.6387583082
789.7500000000 0.6323333075
789.8750000000 0.6259641195
790.0000000000 0.6196503605
790.1250000000 0.6133916482
790.2500000000 0.6071876021
790.3750000000 0.6010378430
790.5000000000 0.5949419935
790.6250000000 0.5888996774
790.7500000000 0.5829105206
790.8750000000 0.5769741500
791.0000000000 0.5710901944
791.1250000000 0.5652582842
791.2500000000 0.5594780513
791.3750000000 0.5537491291
791.5000000000 0.5480711528
791.6250000000 0.5424437590
791.7500000000 0.5368665861
791.8750000000 0.5313392739
792.0000000000 0.5258614639
792.1250000000 0.5204327993
792.2500000000 0.5150529247
792.3750000000 0.5097214866
792.5000000000 0.5044381330
792.6250000000 0.4992025133
792.7500000000 0.4940142790
792.8750000000 0.4888730827
793.0000000000 0.4837785791
793.1250000000 0.4787304243
793.2500000000 0.4737282759
793.3750000000 0.4687717936
793.5000000000 0.4638606382
793.6250000000 0.4589944725
793.7500000000 0.4541729608
793.8750000000 0.4493957692
794.0000000000 0.4446625653
794.1250000000 0.4399730183
794.2500000000 0.4353267993
794.3750000000 0.4307235807
794.5000000000 0.4261630369
794.6250000000 0.4216448437
794.7500000000 0.4171686788
794.8750000000 0.4127342212
795.0000000000 0.4083411519
795.1250000000 0.4039891534
795.2500000000 0.3996779099
795.3750000000 0.3954071072
795.5000000000 0.3911764328
795.6250000000 0.3869855759
795.7500000000 0.3828342272
795.8750000000 0.3787220791
796.0000000000 0.3746488259
796.1250000000 0.3706141633
796.2500000000 0.3666177886
796.3750000000 0.3626594010
796.5000000000 0.3587387011
796.6250000000 0.3548553914
796.7500000000 0.3510091758
796.8750000000 0.3471997600
797.0000000000 0.3434268514
797.1250000000 0.3396901589
797.2500000000 0.3359893930
797.3750000000 0.3323242661
797.5000000000 0.3286944920
797.6250000000 0.3250997862
797.7500000000 0.3215398659
797.8750000000 0.3180144499
798.0000000000 0.3145232585
798.1250000000 0.3110660140
798.2500000000 0.3076424398
798.3750000000 0.3042522613
798.5000000000 0.3008952055
798.6250000000 0.2975710009
798.7500000000 0.2942793777
798.8750000000 0.2910200676
799.0000000000 0.2877928040
799.1250000000 0.2845973219
799.2500000000 0.2814333579
799.3750000000 0.2783006503
799.5000000000 0.2751989388
799.6250000000 0.2721279648
799.7500000000 0.2690874713
799.8750000000 0.2660772030
