600.0000000000 0.0000000000
600.1250000000 0.0000000000
600.2500000000 0.0000000000
600.3750000000 0.0000000000
600.5000000000 0.0000000000
600.6250000000 0.0000000000
600.7500000000 0.0000000000
600.8750000000 0.0000000000
601.0000000000 0.0000000000
601.1250000000 0.0000000000
601.2500000000 0.0000000000
601.3750000000 0.0000000000
601.5000000000 0.0000000000
601.6250000000 0.0000000000
601.7500000000 0.0000000000
601.8750000000 0.0000000000
602.0000000000 0.0000000000
602.1250000000 0.0000000000
602.2500000000 0.0000000000
602.3750000000 0.0000000000
602.5000000000 0.0000000000
602.6250000000 0.0000000000
602.7500000000 0.0000000000
602.8750000000 0.0000000000
603.0000000000 0.0000000000
603.1250000000 0.0000000000
603.2500000000 0.0000000000
603.3750000000 0.0000000000
603.5000000000 0.0000000000
603.6250000000 0.0000000000
603.7500000000 0.0000000000
603.8750000000 0.0000000000
604.0000000000 0.0000000000
604.1250000000 0.0000000000
604.2500000000 0.0000000000
604.3750000000 0.0000000000
604.5000000000 0.0000000000
604.6250000000 0.0000000000
604.7500000000 0.0000000000
604.8750000000 0.0000000000
605.0000000000 0.0000000000
605.1250000000 0.0000000000
605.2500000000 0.0000000000
605.3750000000 0.0000000000
605.5000000000 0.0000000000
605.6250000000 0.0000000000
605.7500000000 0.0000000000
605.8750000000 0.0000000000
606.0000000000 0.0000000000
606.1250000000 0.0000000000
606.2500000000 0.0000000000
606.3750000000 0.0000000000
606.5000000000 0.0000000000
606.6250000000 0.0000000000
606.7500000000 0.0000000000
606.8750000000 0.0000000000
607.0000000000 0.0000000000
607.1250000000 0.0000000000
607.2500000000 0.0000000000
607.3750000000 0.0000000000
607.5000000000 0.0000000000
607.6250000000 0.0000000000
607.7500000000 0.0000000000
607.8750000000 0.0000000000
608.0000000000 0.0000000000
608.1250000000 0.0000000000
608.2500000000 0.0000000000
608.3750000000 0.0000000000
608.5000000000 0.0000000000
608.6250000000 0.0000000000
608.7500000000 0.0000000000
608.8750000000 0.0000000000
609.0000000000 0.0000000000
609.1250000000 0.0000000000
609.2500000000 0.0000000000
609.3750000000 0.0000000000
609.5000000000 0.0000000000
609.6250000000 0.0000000000
609.7500000000 0.0000000000
609.8750000000 0.0000000000
610.0000000000 0.0000000000
610.1250000000 0.0000000000
610.2500000000 0.0000000000
610.3750000000 0.0000000000
610.5000000000 0.0000000000
610.6250000000 0.0000000000
610.7500000000 0.0000000000
610.8750000000 0.0000000000
611.0000000000 0.0000000000
611.1250000000 0.0000000000
611.2500000000 0.0000000000
611.3750000000 0.0000000000
611.5000000000 0.0000000000
611.6250000000 0.0000000000
611.7500000000 0.0000000000
611.8750000000 0.0000000000
612.0000000000 0.0000000000
612.1250000000 0.0000000000
612.2500000000 0.0000000000
612.3750000000 0.0000000000
612.5000000000 0.0000000000
612.6250000000 0.0000000000
612.7500000000 0.0000000000
612.8750000000 0.0000000000
613.0000000000 0.0000000000
613.1250000000 0.0000000000
613.2500000000 0.0000000000
613.3750000000 0.0000000000
613.5000000000 0.0000000000
613.6250000000 0.0000000000
613.7500000000 0.0000000000
613.8750000000 0.0000000000
614.0000000000 0.0000000000
614.1250000000 0.0000000000
614.2500000000 0.0000000000
614.3750000000 0.0000000000
614.5000000000 0.0000000000
614.6250000000 0.0000000000
614.7500000000 0.0000000000
614.8750000000 0.0000000000
615.0000000000 0.0000000000
615.1250000000 0.0000000000
615.2500000000 0.0000000000
615.3750000000 0.0000000000
615.5000000000 0.0000000000
615.6250000000 0.0000000000
615.7500000000 0.0000000000
615.8750000000 0.0000000000
616.0000000000 0.0000000000
616.1250000000 0.0000000000
616.2500000000 0.0000000000
616.3750000000 0.0000000000
616.5000000000 0.0000000000
616.6250000000 0.0000000000
616.7500000000 0.0000000000
616.8750000000 0.0000000000
617.0000000000 0.0000000000
617.1250000000 0.0000000000
617.2500000000 0.0000000000
617.3750000000 0.0000000000
617.5000000000 0.0000000000
617.6250000000 0.0000000000
617.7500000000 0.0000000000
617.8750000000 0.0000000000
618.0000000000 0.0000000000
618.1250000000 0.0000000000
618.2500000000 0.0000000000
618.3750000000 0.0000000000
618.5000000000 0.0000000000
618.6250000000 0.0000000000
618.7500000000 0.0000000000
618.8750000000 0.0000000000
619.0000000000 0.0000000000
619.1250000000 0.0000000000
619.2500000000 0.0000000000
619.3750000000 0.0000000000
619.5000000000 0.0000000000
619.6250000000 0.0000000000
619.7500000000 0.0000000000
619.8750000000 0.0000000000
620.0000000000 0.0000000000
620.1250000000 0.0000000000
620.2500000000 0.0000000000
620.3750000000 0.0000000000
620.5000000000 0.0000000000
620.6250000000 0.0000000000
620.7500000000 0.0000000000
620.8750000000 0.0000000000
621.0000000000 0.0000000000
621.1250000000 0.0000000000
621.2500000000 0.0000000000
621.3750000000 0.0000000000
621.5000000000 0.0000000000
621.6250000000 0.0000000000
621.7500000000 0.0000000000
621.8750000000 0.0000000000
622.0000000000 0.0000000000
622.1250000000 0.0000000000
622.2500000000 0.0000000000
622.3750000000 0.0000000000
622.5000000000 0.0000000000
622.6250000000 0.0000000000
622.7500000000 0.0000000000
622.8750000000 0.0000000000
623.0000000000 0.0000000000
623.1250000000 0.0000000000
623.2500000000 0.0000000000
623.3750000000 0.0000000000
623.5000000000 0.0000000000
623.6250000000 0.0000000000
623.7500000000 0.0000000000
623.8750000000 0.0000000000
624.0000000000 0.0000000000
624.1250000000 0.0000000000
624.2500000000 0.0000000000
624.3750000000 0.0000000000
624.5000000000 0.0000000000
624.6250000000 0.0000000000
624.7500000000 0.0000000000
624.8750000000 0.0000000000
625.0000000000 0.0000000000
625.1250000000 0.0000000000
625.2500000000 0.0000000000
625.3750000000 0.0000000000
625.5000000000 0.0000000000
625.6250000000 0.0000000000
625.7500000000 0.0000000000
625.8750000000 0.0000000000
626.0000000000 0.0000000000
626.1250000000 0.0000000000
626.2500000000 0.0000000000
626.3750000000 0.0000000000
626.5000000000 0.0000000000
626.6250000000 0.0000000000
626.7500000000 0.0000000000
626.8750000000 0.0000000000
627.0000000000 0.0000000000
627.1250000000 0.0000000000
627.2500000000 0.0000000000
627.3750000000 0.0000000000
627.5000000000 0.0000000000
627.6250000000 0.0000000000
627.7500000000 0.0000000000
627.8750000000 0.0000000000
628.0000000000 0.0000000000
628.1250000000 0.0000000000
628.2500000000 0.0000000000
628.3750000000 0.0000000000
628.5000000000 0.0000000000
628.6250000000 0.0000000000
628.7500000000 0.0000000000
628.8750000000 0.0000000000
629.0000000000 0.0000000000
629.1250000000 0.0000000000
629.2500000000 0.0000000000
629.3750000000 0.0000000000
629.5000000000 0.0000000000
629.6250000000 0.0000000000
629.7500000000 0.0000000000
629.8750000000 0.0000000000
630.0000000000 0.0000000000
630.1250000000 0.0000000000
630.2500000000 0.0000000000
630.3750000000 0.0000000000
630.5000000000 0.0000000000
630.6250000000 0.0000000000
630.7500000000 0.0000000000
630.8750000000 0.0000000000
631.0000000000 0.0000000000
631.1250000000 0.0000000000
631.2500000000 0.0000000000
631.3750000000 0.0000000000
631.5000000000 0.0000000000
631.6250000000 0.0000000000
631.7500000000 0.0000000000
631.8750000000 0.0000000000
632.0000000000 0.0000000000
632.1250000000 0.0000000000
632.2500000000 0.0000000000
632.3750000000 0.0000000000
632.5000000000 0.0000000000
632.6250000000 0.0000000000
632.7500000000 0.0000000000
632.8750000000 0.0000000000
633.0000000000 0.0000000000
633.1250000000 0.0000000000
633.2500000000 0.0000000000
633.3750000000 0.0000000000
633.5000000000 0.0000000000
633.6250000000 0.0000000000
633.7500000000 0.0000000000
633.8750000000 0.0000000000
634.0000000000 0.0000000000
634.1250000000 0.0000000000
634.2500000000 0.0000000000
634.3750000000 0.0000000000
634.5000000000 0.0000000000
634.6250000000 0.0000000000
634.7500000000 0.0000000000
634.8750000000 0.0000000000
635.0000000000 0.0000000000
635.1250000000 0.0000000000
635.2500000000 0.0000000000
635.3750000000 0.0000000000
635.5000000000 0.0000000000
635.6250000000 0.0000000000
635.7500000000 0.0000000000
635.8750000000 0.0000000000
636.0000000000 0.0000000000
636.1250000000 0.0000000000
636.2500000000 0.0000000000
636.3750000000 0.0000000000
636.5000000000 0.0000000000
636.6250000000 0.0000000000
636.7500000000 0.0000000000
636.8750000000 0.0000000000
637.0000000000 0.0000000000
637.1250000000 0.0000000000
637.2500000000 0.0000000000
637.3750000000 0.0000000000
637.5000000000 0.0000000000
637.6250000000 0.0000000000
637.7500000000 0.0000000000
637.8750000000 0.0000000000
638.0000000000 0.0000000000
638.1250000000 0.0000000000
638.2500000000 0.0000000000
638.3750000000 0.0000000000
638.5000000000 0.0000000000
638.6250000000 0.0000000000
638.7500000000 0.0000000000
638.8750000000 0.0000000000
639.0000000000 0.0000000000
639.1250000000 0.0000000000
639.2500000000 0.0000000000
639.3750000000 0.0000000000
639.5000000000 0.0000000000
639.6250000000 0.0000000000
639.7500000000 0.0000000000
639.8750000000 0.0000000000
640.0000000000 0.0000000000
640.1250000000 0.0000000000
640.2500000000 0.0000000000
640.3750000000 0.0000000000
640.5000000000 0.0000000000
640.6250000000 0.0000000000
640.7500000000 0.0000000000
640.8750000000 0.0000000000
641.0000000000 0.0000000000
641.1250000000 0.0000000000
641.2500000000 0.0000000000
641.3750000000 0.0000000000
641.5000000000 0.0000000000
641.6250000000 0.0000000000
641.7500000000 0.0000000000
641.8750000000 0.0000000000
642.0000000000 0.0000000000
642.1250000000 0.0000000000
642.2500000000 0.0000000000
642.3750000000 0.0000000000
642.5000000000 0.0000000000
642.6250000000 0.0000000000
642.7500000000 0.0000000000
642.8750000000 0.0000000000
643.0000000000 0.0000000000
643.1250000000 0.0000000000
643.2500000000 0.0000000000
643.3750000000 0.0000000000
643.5000000000 0.0000000000
643.6250000000 0.0000000000
643.7500000000 0.0000000000
643.8750000000 0.0000000000
644.0000000000 0.0000000000
644.1250000000 0.0000000000
644.2500000000 0.0000000000
644.3750000000 0.0000000000
644.5000000000 0.0000000000
644.6250000000 0.0000000000
644.7500000000 0.0000000000
644.8750000000 0.0000000000
645.0000000000 0.0000000000
645.1250000000 0.0000000000
645.2500000000 0.0000000000
645.3750000000 0.0000000000
645.5000000000 0.0000000000
645.6250000000 0.0000000000
645.7500000000 0.0000000000
645.8750000000 0.0000000000
646.0000000000 0.0000000000
646.1250000000 0.0000000000
646.2500000000 0.0000000000
646.3750000000 0.0000000000
646.5000000000 0.0000000000
646.6250000000 0.0000000000
646.7500000000 0.0000000000
646.8750000000 0.0000000000
647.0000000000 0.0000000000
647.1250000000 0.0000000000
647.2500000000 0.0000000000
647.3750000000 0.0000000000
647.5000000000 0.0000000000
647.6250000000 0.0000000000
647.7500000000 0.0000000000
647.8750000000 0.0000000000
648.0000000000 0.0000000000
648.1250000000 0.0000000000
648.2500000000 0.0000000000
648.3750000000 0.0000000000
648.5000000000 0.0000000000
648.6250000000 0.0000000000
648.7500000000 0.0000000000
648.8750000000 0.0000000000
649.0000000000 0.0000000000
649.1250000000 0.0000000000
649.2500000000 0.0000000000
649.3750000000 0.0000000000
649.5000000000 0.0000000000
649.6250000000 0.0000000000
649.7500000000 0.0000000000
649.8750000000 0.0000000000
650.0000000000 0.0000000000
650.1250000000 0.0000000000
650.2500000000 0.0000000000
650.3750000000 0.0000000000
650.5000000000 0.0000000000
650.6250000000 0.0000000000
650.7500000000 0.0000000000
650.8750000000 0.0000000000
651.0000000000 0.0000000000
651.1250000000 0.0000000000
651.2500000000 0.0000000000
651.3750000000 0.0000000000
651.5000000000 0.0000000000
651.6250000000 0.0000000000
651.7500000000 0.0000000000
651.8750000000 0.0000000000
652.0000000000 0.0000000000
652.1250000000 0.0000000000
652.2500000000 0.0000000000
652.3750000000 0.0000000000
652.5000000000 0.0000000000
652.6250000000 0.0000000000
652.7500000000 0.0000000000
652.8750000000 0.0000000000
653.0000000000 0.0000000000
653.1250000000 0.0000000000
653.2500000000 0.0000000000
653.3750000000 0.0000000000
653.5000000000 0.0000000000
653.6250000000 0.0000000000
653.7500000000 0.0000000000
653.8750000000 0.0000000000
654.0000000000 0.0000000000
654.1250000000 0.0000000000
654.2500000000 0.0000000000
654.3750000000 0.0000000000
654.5000000000 0.0000000000
654.6250000000 0.0000000000
654.7500000000 0.0000000000
654.8750000000 0.0000000000
655.0000000000 0.0000000000
655.1250000000 0.0000000000
655.2500000000 0.0000000000
655.3750000000 0.0000000000
655.5000000000 0.0000000000
655.6250000000 0.0000000000
655.7500000000 0.0000000000
655.8750000000 0.0000000000
656.0000000000 0.0000000000
656.1250000000 0.0000000000
656.2500000000 0.0000000000
656.3750000000 0.0000000000
656.5000000000 0.0000000000
656.6250000000 0.0000000000
656.7500000000 0.0000000000
656.8750000000 0.0000000000
657.0000000000 0.0000000000
657.1250000000 0.0000000000
657.2500000000 0.0000000000
657.3750000000 0.0000000000
657.5000000000 0.0000000000
657.6250000000 0.0000000000
657.7500000000 0.0000000000
657.8750000000 0.0000000000
658.0000000000 0.0000000000
658.1250000000 0.0000000000
658.2500000000 0.0000000000
658.3750000000 0.0000000000
658.5000000000 0.0000000000
658.6250000000 0.0000000000
658.7500000000 0.0000000000
658.8750000000 0.0000000000
659.0000000000 0.0000000000
659.1250000000 0.0000000000
659.2500000000 0.0000000000
659.3750000000 0.0000000000
659.5000000000 0.0000000000
659.6250000000 0.0000000000
659.7500000000 0.0000000000
659.8750000000 0.0000000000
660.0000000000 0.0000000000
660.1250000000 0.0000000000
660.2500000000 0.0000000000
660.3750000000 0.0000000000
660.5000000000 0.0000000000
660.6250000000 0.0000000000
660.7500000000 0.0000000000
660.8750000000 0.0000000000
661.0000000000 0.0000000000
661.1250000000 0.0000000000
661.2500000000 0.0000000000
661.3750000000 0.0000000000
661.5000000000 0.0000000000
661.6250000000 0.0000000000
661.7500000000 0.0000000000
661.8750000000 0.0000000000
662.0000000000 0.0000000000
662.1250000000 0.0000000000
662.2500000000 0.0000000000
662.3750000000 0.0000000000
662.5000000000 0.0000000000
662.6250000000 0.0000000000
662.7500000000 0.0000000000
662.8750000000 0.0000000000
663.0000000000 0.0000000001
663.1250000000 0.0000000001
663.2500000000 0.0000000001
663.3750000000 0.0000000001
663.5000000000 0.0000000001
663.6250000000 0.0000000001
663.7500000000 0.0000000002
663.8750000000 0.0000000002
664.0000000000 0.0000000002
664.1250000000 0.0000000003
664.2500000000 0.0000000003
664.3750000000 0.0000000004
664.5000000000 0.0000000005
664.6250000000 0.0000000005
664.7500000000 0.0000000006
664.8750000000 0.0000000008
665.0000000000 0.0000000009
665.1250000000 0.0000000011
665.2500000000 0.0000000013
665.3750000000 0.0000000015
665.5000000000 0.0000000018
665.6250000000 0.0000000022
665.7500000000 0.0000000026
665.8750000000 0.0000000031
666.0000000000 0.0000000036
666.1250000000 0.0000000043
666.2500000000 0.0000000051
666.3750000000 0.0000000060
666.5000000000 0.0000000071
666.6250000000 0.0000000084
666.7500000000 0.0000000100
666.8750000000 0.0000000118
667.0000000000 0.0000000139
667.1250000000 0.0000000163
667.2500000000 0.0000000193
667.3750000000 0.0000000227
667.5000000000 0.0000000267
667.6250000000 0.0000000314
667.7500000000 0.0000000369
667.8750000000 0.0000000433
668.0000000000 0.0000000509
668.1250000000 0.0000000597
668.2500000000 0.0000000700
668.3750000000 0.0000000820
668.5000000000 0.0000000960
668.6250000000 0.0000001124
668.7500000000 0.0000001314
668.8750000000 0.0000001536
669.0000000000 0.0000001794
669.1250000000 0.0000002094
669.2500000000 0.0000002443
669.3750000000 0.0000002848
669.5000000000 0.0000003318
669.6250000000 0.0000003863
669.7500000000 0.0000004496
669.8750000000 0.0000005228
670.0000000000 0.0000006076
670.1250000000 0.0000007057
670.2500000000 0.0000008191
670.3750000000 0.0000009502
670.5000000000 0.0000011016
670.6250000000 0.0000012763
670.7500000000 0.0000014777
670.8750000000 0.0000017099
671.0000000000 0.0000019773
671.1250000000 0.0000022851
671.2500000000 0.0000026392
671.3750000000 0.0000030463
671.5000000000 0.0000035140
671.6250000000 0.0000040509
671.7500000000 0.0000046669
671.8750000000 0.0000053732
672.0000000000 0.0000061826
672.1250000000 0.0000071095
672.2500000000 0.0000081702
672.3750000000 0.0000093833
672.5000000000 0.0000107698
672.6250000000 0.0000123534
672.7500000000 0.0000141610
672.8750000000 0.0000162230
673.0000000000 0.0000185736
673.1250000000 0.0000212515
673.2500000000 0.0000243004
673.3750000000 0.0000277693
673.5000000000 0.0000317135
673.6250000000 0.0000361953
673.7500000000 0.0000412847
673.8750000000 0.0000470603
674.0000000000 0.0000536104
674.1250000000 0.0000610339
674.2500000000 0.0000694420
674.3750000000 0.0000789591
674.5000000000 0.0000897244
674.6250000000 0.0001018937
674.7500000000 0.0001156412
674.8750000000 0.0001311615
675.0000000000 0.0001486720
675.1250000000 0.0001684148
675.2500000000 0.0001906601
675.3750000000 0.0002157089
675.5000000000 0.0002438961
675.6250000000 0.0002755943
675.7500000000 0.0003112176
675.8750000000 0.0003512259
676.0000000000 0.0003961299
676.1250000000 0.0004464957
676.2500000000 0.0005029507
676.3750000000 0.0005661900
676.5000000000 0.0006369825
676.6250000000 0.0007161787
676.7500000000 0.0008047182
676.8750000000 0.0009036388
677.0000000000 0.0010140852
677.1250000000 0.0011373198
677.2500000000 0.0012747332
677.3750000000 0.0014278566
677.5000000000 0.0015983741
677.6250000000 0.0017881372
677.7500000000 0.0019991797
677.8750000000 0.0022337336
678.0000000000 0.0024942471
678.1250000000 0.0027834034
678.2500000000 0.0031041407
678.3750000000 0.0034596742
678.5000000000 0.0038535197
678.6250000000 0.0042895183
678.7500000000 0.0047718637
678.8750000000 0.0053051308
679.0000000000 0.0058943068
679.1250000000 0.0065448235
679.2500000000 0.0072625930
679.3750000000 0.0080540449
679.5000000000 0.0089261657
679.6250000000 0.0098865419
679.7500000000 0.0109434043
679.8750000000 0.0121056760
680.0000000000 0.0133830226
680.1250000000 0.0147859060
680.2500000000 0.0163256409
680.3750000000 0.0180144539
680.5000000000 0.0198655471
680.6250000000 0.0218931638
680.7500000000 0.0241126580
680.8750000000 0.0265405680
681.0000000000 0.0291946926
681.1250000000 0.0320941712
681.2500000000 0.0352595682
681.3750000000 0.0387129602
681.5000000000 0.0424780271
681.6250000000 0.0465801475
681.7500000000 0.0510464974
681.8750000000 0.0559061522
682.0000000000 0.0611901930
682.1250000000 0.0669318161
682.2500000000 0.0731664463
682.3750000000 0.0799318528
682.5000000000 0.0872682695
682.6250000000 0.0952185172
682.7500000000 0.1038281296
682.8750000000 0.1131454808
683.0000000000 0.1232219168
683.1250000000 0.1341118873
683.2500000000 0.1458730805
683.3750000000 0.1585665584
683.5000000000 0.1722568939
683.6250000000 0.1870123078
683.7500000000 0.2029048057
683.8750000000 0.2200103150
684.0000000000 0.2384088201
684.1250000000 0.2581844964
684.2500000000 0.2794258415
684.3750000000 0.3022258035
684.5000000000 0.3266819056
684.6250000000 0.3528963655
684.7500000000 0.3809762098
684.8750000000 0.4110333817
685.0000000000 0.4431848412
685.1250000000 0.4775526577
685.2500000000 0.5142640923
685.3750000000 0.5534516703
685.5000000000 0.5952532420
685.6250000000 0.6398120311
685.7500000000 0.6872766691
685.8750000000 0.7378012149
686.0000000000 0.7915451583
686.1250000000 0.8486734062
686.2500000000 0.9093562502
686.3750000000 0.9737693141
686.5000000000 1.0420934814
686.6250000000 1.1145147995
686.7500000000 1.1912243608
686.8750000000 1.2724181597
687.0000000000 1.3582969234
687.1250000000 1.4490659157
687.2500000000 1.5449347134
687.3750000000 1.6461169533
687.5000000000 1.7528300494
687.6250000000 1.8652948792
687.7500000000 1.9837354392
687.8750000000 2.1083784666
688.0000000000 2.2394530295
688.1250000000 2.3771900830
688.2500000000 2.5218219915
688.3750000000 2.6735820172
688.5000000000 2.8327037742
688.6250000000 2.9994206483
688.7500000000 3.1739651836
688.8750000000 3.3565684343
689.0000000000 3.5474592846
689.1250000000 3.7468637352
689.2500000000 3.9550041589
689.3750000000 4.1720985256
689.5000000000 4.3983595980
689.6250000000 4.6339940999
689.7500000000 4.8792018579
689.8750000000 5.1341749201
690.0000000000 5.3990966513
690.1250000000 5.6741408100
690.2500000000 5.9594706069
690.3750000000 6.2552377500
690.5000000000 6.5615814775
690.6250000000 6.8786275827
690.7500000000 7.2064874336
690.8750000000 7.5452569913
691.0000000000 7.8950158301
691.1250000000 8.2558261639
691.2500000000 8.6277318827
691.3750000000 9.0107576031
691.5000000000 9.4049077377
691.6250000000 9.8101655864
691.7500000000 10.2264924564
691.8750000000 10.6538268131
692.0000000000 11.0920834679
692.1250000000 11.5411528078
692.2500000000 12.0009000697
692.3750000000 12.4711646662
692.5000000000 12.9517595666
692.6250000000 13.4424707368
692.7500000000 13.9430566445
692.8750000000 14.4532478323
693.0000000000 14.9727465636
693.1250000000 15.5012265458
693.2500000000 16.0383327342
693.3750000000 16.5836812196
693.5000000000 17.1368592048
693.6250000000 17.6974250710
693.7500000000 18.2649085389
693.8750000000 18.8388109252
694.0000000000 19.4186054983
694.1250000000 20.0037379338
694.2500000000 20.5936268720
694.3750000000 21.1876645776
694.5000000000 21.7852177033
694.6250000000 22.3856281563
694.7500000000 22.9882140684
694.8750000000 23.5922708677
695.0000000000 24.1970724519
695.1250000000 24.8018724611
695.2500000000 25.4059056469
695.3750000000 26.0083893370
695.5000000000 26.6085249899
695.6250000000 27.2054998379
695.7500000000 27.7984886131
695.8750000000 28.3866553525
696.0000000000 28.9691552761
696.1250000000 29.5451367342
696.2500000000 30.1137432155
696.3750000000 30.6741154128
696.5000000000 31.2253933367
696.6250000000 31.7667184715
696.7500000000 32.2972359668
696.8750000000 32.8160968550
697.0000000000 33.3224602892
697.1250000000 33.8154957909
697.2500000000 34.2943855019
697.3750000000 34.7583264292
697.5000000000 35.2065326764
697.6250000000 35.6382376520
697.7500000000 36.0526962462
697.8750000000 36.4491869674
698.0000000000 36.8270140303
698.1250000000 37.1855093870
698.2500000000 37.5240346917
698.3750000000 37.8419831934
698.5000000000 38.1387815461
698.6250000000 38.4138915306
698.7500000000 38.6668116803
698.8750000000 38.8970788037
699.0000000000 39.1042693975
699.1250000000 39.2880009447
699.2500000000 39.4479330908
699.3750000000 39.5837686945
699.5000000000 39.6952547477
699.6250000000 39.7821831607
699.7500000000 39.8443914095
699.8750000000 39.8817630416
700.0000000000 39.8942280401
700.1250000000 39.8817630416
700.2500000000 39.8443914095
700.3750000000 39.7821831607
700.5000000000 39.6952547477
700.6250000000 39.5837686945
700.7500000000 39.4479330908
700.8750000000 39.2880009447
701.0000000000 39.1042693975
701.1250000000 38.8970788037
701.2500000000 38.6668116803
701.3750000000 38.4138915306
701.5000000000 38.1387815461
701.6250000000 37.8419831934
701.7500000000 37.5240346917
701.8750000000 37.1855093870
702.0000000000 36.8270140303
702.1250000000 36.4491869674
702.2500000000 36.0526962462
702.3750000000 35.6382376520
702.5000000000 35.2065326764
702.6250000000 34.7583264292
702.7500000000 34.2943855019
702.8750000000 33.8154957909
703.0000000000 33.3224602892
703.1250000000 32.8160968550
703.2500000000 32.2972359668
703.3750000000 31.7667184715
703.5000000000 31.2253933367
703.6250000000 30.6741154128
703.7500000000 30.1137432155
703.8750000000 29.5451367342
704.0000000000 28.9691552761
704.1250000000 28.3866553525
704.2500000000 27.7984886131
704.3750000000 27.2054998379
704.5000000000 26.6085249899
704.6250000000 26.0083893370
704.7500000000 25.4059056469
704.8750000000 24.8018724611
705.0000000000 24.1970724519
705.1250000000 23.5922708677
705.2500000000 22.9882140684
705.3750000000 22.3856281563
705.5000000000 21.7852177033
705.6250000000 21.1876645776
705.7500000000 20.5936268720
705.8750000000 20.0037379338
706.0000000000 19.4186054983
706.1250000000 18.8388109252
706.2500000000 18.2649085389
706.3750000000 17.6974250710
706.5000000000 17.1368592048
706.6250000000 16.5836812196
706.7500000000 16.0383327342
706.8750000000 15.5012265458
707.0000000000 14.9727465636
707.1250000000 14.4532478323
707.2500000000 13.9430566445
707.3750000000 13.4424707368
707.5000000000 12.9517595666
707.6250000000 12.4711646662
707.7500000000 12.0009000697
707.8750000000 11.5411528078
708.0000000000 11.0920834679
708.1250000000 10.6538268131
708.2500000000 10.2264924564
708.3750000000 9.8101655864
708.5000000000 9.4049077377
708.6250000000 9.0107576031
708.7500000000 8.6277318827
708.8750000000 8.2558261639
709.0000000000 7.8950158301
709.1250000000 7.5452569913
709.2500000000 7.2064874336
709.3750000000 6.8786275827
709.5000000000 6.5615814775
709.6250000000 6.2552377500
709.7500000000 5.9594706069
709.8750000000 5.6741408100
710.0000000000 5.3990966513
710.1250000000 5.1341749201
710.2500000000 4.8792018579
710.3750000000 4.6339940999
710.5000000000 4.3983595980
710.6250000000 4.1720985256
710.7500000000 3.9550041589
710.8750000000 3.7468637352
711.0000000000 3.5474592846
711.1250000000 3.3565684343
711.2500000000 3.1739651836
711.3750000000 2.9994206483
711.5000000000 2.8327037742
711.6250000000 2.6735820172
711.7500000000 2.5218219915
711.8750000000 2.3771900830
712.0000000000 2.2394530295
712.1250000000 2.1083784666
712.2500000000 1.9837354392
712.3750000000 1.8652948792
712.5000000000 1.7528300494
712.6250000000 1.6461169533
712.7500000000 1.5449347134
712.8750000000 1.4490659157
713.0000000000 1.3582969234
713.1250000000 1.2724181597
713.2500000000 1.1912243608
713.3750000000 1.1145147995
713.5000000000 1.0420934814
713.6250000000 0.9737693141
713.7500000000 0.9093562502
713.8750000000 0.8486734062
714.0000000000 0.7915451583
714.1250000000 0.7378012149
714.2500000000 0.6872766691
714.3750000000 0.6398120311
714.5000000000 0.5952532420
714.6250000000 0.5534516703
714.7500000000 0.5142640923
714.8750000000 0.4775526577
715.0000000000 0.4431848412
715.1250000000 0.4110333817
715.2500000000 0.3809762098
715.3750000000 0.3528963655
715.5000000000 0.3266819056
715.6250000000 0.3022258035
715.7500000000 0.2794258415
715.8750000000 0.2581844964
716.0000000000 0.2384088201
716.1250000000 0.2200103150
716.2500000000 0.2029048057
716.3750000000 0.1870123078
716.5000000000 0.1722568939
716.6250000000 0.1585665584
716.7500000000 0.1458730805
716.8750000000 0.1341118873
717.0000000000 0.1232219168
717.1250000000 0.1131454808
717.2500000000 0.1038281296
717.3750000000 0.0952185172
717.5000000000 0.0872682695
717.6250000000 0.0799318528
717.7500000000 0.0731664463
717.8750000000 0.0669318161
718.0000000000 0.0611901930
718.1250000000 0.0559061522
718.2500000000 0.0510464974
718.3750000000 0.0465801475
718.5000000000 0.0424780271
718.6250000000 0.0387129602
718.7500000000 0.0352595682
718.8750000000 0.0320941712
719.0000000000 0.0291946926
719.1250000000 0.0265405680
719.2500000000 0.0241126580
719.3750000000 0.0218931638
719.5000000000 0.0198655471
719.6250000000 0.0180144539
719.7500000000 0.0163256409
719.8750000000 0.0147859060
720.0000000000 0.0133830226
720.1250000000 0.0121056760
720.2500000000 0.0109434043
720.3750000000 0.0098865419
720.5000000000 0.0089261657
720.6250000000 0.0080540449
720.7500000000 0.0072625930
720.8750000000 0.0065448235
721.0000000000 0.0058943068
721.1250000000 0.0053051308
721.2500000000 0.0047718637
721.3750000000 0.0042895183
721.5000000000 0.0038535197
721.6250000000 0.0034596742
721.7500000000 0.0031041407
721.8750000000 0.0027834034
722.0000000000 0.0024942471
722.1250000000 0.0022337336
722.2500000000 0.0019991797
722.3750000000 0.0017881372
722.5000000000 0.0015983741
722.6250000000 0.0014278566
722.7500000000 0.0012747332
722.8750000000 0.0011373198
723.0000000000 0.0010140852
723.1250000000 0.0009036388
723.2500000000 0.0008047182
723.3750000000 0.0007161787
723.5000000000 0.0006369825
723.6250000000 0.0005661900
723.7500000000 0.0005029507
723.8750000000 0.0004464957
724.0000000000 0.0003961299
724.1250000000 0.0003512259
724.2500000000 0.0003112176
724.3750000000 0.0002755943
724.5000000000 0.0002438961
724.6250000000 0.0002157089
724.7500000000 0.0001906601
724.8750000000 0.0001684148
725.0000000000 0.0001486720
725.1250000000 0.0001311615
725.2500000000 0.0001156412
725.3750000000 0.0001018937
725.5000000000 0.0000897244
725.6250000000 0.0000789591
725.7500000000 0.0000694420
725.8750000000 0.0000610339
726.0000000000 0.0000536104
726.1250000000 0.0000470603
726.2500000000 0.0000412847
726.3750000000 0.0000361953
726.5000000000 0.0000317135
726.6250000000 0.0000277693
726.7500000000 0.0000243004
726.8750000000 0.0000212515
727.0000000000 0.0000185736
727.1250000000 0.0000162230
727.2500000000 0.0000141610
727.3750000000 0.0000123534
727.5000000000 0.0000107698
727.6250000000 0.0000093833
727.7500000000 0.0000081702
727.8750000000 0.0000071095
728.0000000000 0.0000061826
728.1250000000 0.0000053732
728.2500000000 0.0000046669
728.3750000000 0.0000040509
728.5000000000 0.0000035140
728.6250000000 0.0000030463
728.7500000000 0.0000026392
728.8750000000 0.0000022851
729.0000000000 0.0000019773
729.1250000000 0.0000017099
729.2500000000 0.0000014777
729.3750000000 0.0000012763
729.5000000000 0.0000011016
729.6250000000 0.0000009502
729.7500000000 0.0000008191
729.8750000000 0.0000007057
730.0000000000 0.0000006076
730.1250000000 0.0000005228
730.2500000000 0.0000004496
730.3750000000 0.0000003863
730.5000000000 0.0000003318
730.6250000000 0.0000002848
730.7500000000 0.0000002443
730.8750000000 0.0000002094
731.0000000000 0.0000001794
731.1250000000 0.0000001536
731.2500000000 0.0000001314
731.3750000000 0.0000001124
731.5000000000 0.0000000960
731.6250000000 0.0000000820
731.7500000000 0.0000000700
731.8750000000 0.0000000597
732.0000000000 0.0000000509
732.1250000000 0.0000000433
732.2500000000 0.0000000369
732.3750000000 0.0000000314
732.5000000000 0.0000000267
732.6250000000 0.0000000227
732.7500000000 0.0000000193
732.8750000000 0.0000000163
733.0000000000 0.0000000139
733.1250000000 0.0000000118
733.2500000000 0.0000000100
733.3750000000 0.0000000084
733.5000000000 0.0000000071
733.6250000000 0.0000000060
733.7500000000 0.0000000051
733.8750000000 0.0000000043
734.0000000000 0.0000000036
734.1250000000 0.0000000031
734.2500000000 0.0000000026
734.3750000000 0.0000000022
734.5000000000 0.0000000018
734.6250000000 0.0000000015
734.7500000000 0.0000000013
734.8750000000 0.0000000011
735.0000000000 0.0000000009
735.1250000000 0.0000000008
735.2500000000 0.0000000006
735.3750000000 0.0000000005
735.5000000000 0.0000000005
735.6250000000 0.0000000004
735.7500000000 0.0000000003
735.8750000000 0.0000000003
736.0000000000 0.0000000002
736.1250000000 0.0000000002
736.2500000000 0.0000000002
736.3750000000 0.0000000001
736.5000000000 0.0000000001
736.6250000000 0.0000000001
736.7500000000 0.0000000001
736.8750000000 0.0000000001
737.0000000000 0.0000000001
737.1250000000 0.0000000000
737.2500000000 0.0000000000
737.3750000000 0.0000000000
737.5000000000 0.0000000000
737.6250000000 0.0000000000
737.7500000000 0.0000000000
737.8750000000 0.0000000000
738.0000000000 0.0000000000
738.1250000000 0.0000000000
738.2500000000 0.0000000000
738.3750000000 0.0000000000
738.5000000000 0.0000000000
738.6250000000 0.0000000000
738.7500000000 0.0000000000
738.8750000000 0.0000000000
739.0000000000 0.0000000000
739.1250000000 0.0000000000
739.2500000000 0.0000000000
739.3750000000 0.0000000000
739.5000000000 0.0000000000
739.6250000000 0.0000000000
739.7500000000 0.0000000000
739.8750000000 0.0000000000
740.0000000000 0.0000000000
740.1250000000 0.0000000000
740.2500000000 0.0000000000
740.3750000000 0.0000000000
740.5000000000 0.0000000000
740.6250000000 0.0000000000
740.7500000000 0.0000000000
740.8750000000 0.0000000000
741.0000000000 0.0000000000
741.1250000000 0.0000000000
741.2500000000 0.0000000000
741.3750000000 0.0000000000
741.5000000000 0.0000000000
741.6250000000 0.0000000000
741.7500000000 0.0000000000
741.8750000000 0.0000000000
742.0000000000 0.0000000000
742.1250000000 0.0000000000
742.2500000000 0.0000000000
742.3750000000 0.0000000000
742.5000000000 0.0000000000
742.6250000000 0.0000000000
742.7500000000 0.0000000000
742.8750000000 0.0000000000
743.0000000000 0.0000000000
743.1250000000 0.0000000000
743.2500000000 0.0000000000
743.3750000000 0.0000000000
743.5000000000 0.0000000000
743.6250000000 0.0000000000
743.7500000000 0.0000000000
743.8750000000 0.0000000000
744.0000000000 0.0000000000
744.1250000000 0.0000000000
744.2500000000 0.0000000000
744.3750000000 0.0000000000
744.5000000000 0.0000000000
744.6250000000 0.0000000000
744.7500000000 0.0000000000
744.8750000000 0.0000000000
745.0000000000 0.0000000000
745.1250000000 0.0000000000
745.2500000000 0.0000000000
745.3750000000 0.0000000000
745.5000000000 0.0000000000
745.6250000000 0.0000000000
745.7500000000 0.0000000000
745.8750000000 0.0000000000
746.0000000000 0.0000000000
746.1250000000 0.0000000000
746.2500000000 0.0000000000
746.3750000000 0.0000000000
746.5000000000 0.0000000000
746.6250000000 0.0000000000
746.7500000000 0.0000000000
746.8750000000 0.0000000000
747.0000000000 0.0000000000
747.1250000000 0.0000000000
747.2500000000 0.0000000000
747.3750000000 0.0000000000
747.5000000000 0.0000000000
747.6250000000 0.0000000000
747.7500000000 0.0000000000
747.8750000000 0.0000000000
748.0000000000 0.0000000000
748.1250000000 0.0000000000
748.2500000000 0.0000000000
748.3750000000 0.0000000000
748.5000000000 0.0000000000
748.6250000000 0.0000000000
748.7500000000 0.0000000000
748.8750000000 0.0000000000
749.0000000000 0.0000000000
749.1250000000 0.0000000000
749.2500000000 0.0000000000
749.3750000000 0.0000000000
749.5000000000 0.0000000000
749.6250000000 0.0000000000
749.7500000000 0.0000000000
749.8750000000 0.0000000000
750.0000000000 0.0000000000
750.1250000000 0.0000000000
750.2500000000 0.0000000000
750.3750000000 0.0000000000
750.5000000000 0.0000000000
750.6250000000 0.0000000000
750.7500000000 0.0000000000
750.8750000000 0.0000000000
751.0000000000 0.0000000000
751.1250000000 0.0000000000
751.2500000000 0.0000000000
751.3750000000 0.0000000000
751.5000000000 0.0000000000
751.6250000000 0.0000000000
751.7500000000 0.0000000000
751.8750000000 0.0000000000
752.0000000000 0.0000000000
752.1250000000 0.0000000000
752.2500000000 0.0000000000
752.3750000000 0.0000000000
752.5000000000 0.0000000000
752.6250000000 0.0000000000
752.7500000000 0.0000000000
752.8750000000 0.0000000000
753.0000000000 0.0000000000
753.1250000000 0.0000000000
753.2500000000 0.0000000000
753.3750000000 0.0000000000
753.5000000000 0.0000000000
753.6250000000 0.0000000000
753.7500000000 0.0000000000
753.8750000000 0.0000000000
754.0000000000 0.0000000000
754.1250000000 0.0000000000
754.2500000000 0.0000000000
754.3750000000 0.0000000000
754.5000000000 0.0000000000
754.6250000000 0.0000000000
754.7500000000 0.0000000000
754.8750000000 0.0000000000
755.0000000000 0.0000000000
755.1250000000 0.0000000000
755.2500000000 0.0000000000
755.3750000000 0.0000000000
755.5000000000 0.0000000000
755.6250000000 0.0000000000
755.7500000000 0.0000000000
755.8750000000 0.0000000000
756.0000000000 0.0000000000
756.1250000000 0.0000000000
756.2500000000 0.0000000000
756.3750000000 0.0000000000
756.5000000000 0.0000000000
756.6250000000 0.0000000000
756.7500000000 0.0000000000
756.8750000000 0.0000000000
757.0000000000 0.0000000000
757.1250000000 0.0000000000
757.2500000000 0.0000000000
757.3750000000 0.0000000000
757.5000000000 0.0000000000
757.6250000000 0.0000000000
757.7500000000 0.0000000000
757.8750000000 0.0000000000
758.0000000000 0.0000000000
758.1250000000 0.0000000000
758.2500000000 0.0000000000
758.3750000000 0.0000000000
758.5000000000 0.0000000000
758.6250000000 0.0000000000
758.7500000000 0.0000000000
758.8750000000 0.0000000000
759.0000000000 0.0000000000
759.1250000000 0.0000000000
759.2500000000 0.0000000000
759.3750000000 0.0000000000
759.5000000000 0.0000000000
759.6250000000 0.0000000000
759.7500000000 0.0000000000
759.8750000000 0.0000000000
760.0000000000 0.0000000000
760.1250000000 0.0000000000
760.2500000000 0.0000000000
760.3750000000 0.0000000000
760.5000000000 0.0000000000
760.6250000000 0.0000000000
760.7500000000 0.0000000000
760.8750000000 0.0000000000
761.0000000000 0.0000000000
761.1250000000 0.0000000000
761.2500000000 0.0000000000
761.3750000000 0.0000000000
761.5000000000 0.0000000000
761.6250000000 0.0000000000
761.7500000000 0.0000000000
761.8750000000 0.0000000000
762.0000000000 0.0000000000
762.1250000000 0.0000000000
762.2500000000 0.0000000000
762.3750000000 0.0000000000
762.5000000000 0.0000000000
762.6250000000 0.0000000000
762.7500000000 0.0000000000
762.8750000000 0.0000000000
763.0000000000 0.0000000000
763.1250000000 0.0000000000
763.2500000000 0.0000000000
763.3750000000 0.0000000000
763.5000000000 0.0000000000
763.6250000000 0.0000000000
763.7500000000 0.0000000000
763.8750000000 0.0000000000
764.0000000000 0.0000000000
764.1250000000 0.0000000000
764.2500000000 0.0000000000
764.3750000000 0.0000000000
764.5000000000 0.0000000000
764.6250000000 0.0000000000
764.7500000000 0.0000000000
764.8750000000 0.0000000000
765.0000000000 0.0000000000
765.1250000000 0.0000000000
765.2500000000 0.0000000000
765.3750000000 0.0000000000
765.5000000000 0.0000000000
765.6250000000 0.0000000000
765.7500000000 0.0000000000
765.8750000000 0.0000000000
766.0000000000 0.0000000000
766.1250000000 0.0000000000
766.2500000000 0.0000000000
766.3750000000 0.0000000000
766.5000000000 0.0000000000
766.6250000000 0.0000000000
766.7500000000 0.0000000000
766.8750000000 0.0000000000
767.0000000000 0.0000000000
767.1250000000 0.0000000000
767.2500000000 0.0000000000
767.3750000000 0.0000000000
767.5000000000 0.0000000000
767.6250000000 0.0000000000
767.7500000000 0.0000000000
767.8750000000 0.0000000000
768.0000000000 0.0000000000
768.1250000000 0.0000000000
768.2500000000 0.0000000000
768.3750000000 0.0000000000
768.5000000000 0.0000000000
768.6250000000 0.0000000000
768.7500000000 0.0000000000
768.8750000000 0.0000000000
769.0000000000 0.0000000000
769.1250000000 0.0000000000
769.2500000000 0.0000000000
769.3750000000 0.0000000000
769.5000000000 0.0000000000
769.6250000000 0.0000000000
769.7500000000 0.0000000000
769.8750000000 0.0000000000
770.0000000000 0.0000000000
770.1250000000 0.0000000000
770.2500000000 0.0000000000
770.3750000000 0.0000000000
770.5000000000 0.0000000000
770.6250000000 0.0000000000
770.7500000000 0.0000000000
770.8750000000 0.0000000000
771.0000000000 0.0000000000
771.1250000000 0.0000000000
771.2500000000 0.0000000000
771.3750000000 0.0000000000
771.5000000000 0.0000000000
771.6250000000 0.0000000000
771.7500000000 0.0000000000
771.8750000000 0.0000000000
772.0000000000 0.0000000000
772.1250000000 0.0000000000
772.2500000000 0.0000000000
772.3750000000 0.0000000000
772.5000000000 0.0000000000
772.6250000000 0.0000000000
772.7500000000 0.0000000000
772.8750000000 0.0000000000
773.0000000000 0.0000000000
773.1250000000 0.0000000000
773.2500000000 0.0000000000
773.3750000000 0.0000000000
773.5000000000 0.0000000000
773.6250000000 0.0000000000
773.7500000000 0.0000000000
773.8750000000 0.0000000000
774.0000000000 0.0000000000
774.1250000000 0.0000000000
774.2500000000 0.0000000000
774.3750000000 0.0000000000
774.5000000000 0.0000000000
774.6250000000 0.0000000000
774.7500000000 0.0000000000
774.8750000000 0.0000000000
775.0000000000 0.0000000000
775.1250000000 0.0000000000
775.2500000000 0.0000000000
775.3750000000 0.0000000000
775.5000000000 0.0000000000
775.6250000000 0.0000000000
775.7500000000 0.0000000000
775.8750000000 0.0000000000
776.0000000000 0.0000000000
776.1250000000 0.0000000000
776.2500000000 0.0000000000
776.3750000000 0.0000000000
776.5000000000 0.0000000000
776.6250000000 0.0000000000
776.7500000000 0.0000000000
776.8750000000 0.0000000000
777.0000000000 0.0000000000
777.1250000000 0.0000000000
777.2500000000 0.0000000000
777.3750000000 0.0000000000
777.5000000000 0.0000000000
777.6250000000 0.0000000000
777.7500000000 0.0000000000
777.8750000000 0.0000000000
778.0000000000 0.0000000000
778.1250000000 0.0000000000
778.2500000000 0.0000000000
778.3750000000 0.0000000000
778.5000000000 0.0000000000
778.6250000000 0.0000000000
778.7500000000 0.0000000000
778.8750000000 0.0000000000
779.0000000000 0.0000000000
779.1250000000 0.0000000000
779.2500000000 0.0000000000
779.3750000000 0.0000000000
779.5000000000 0.0000000000
779.6250000000 0.0000000000
779.7500000000 0.0000000000
779.8750000000 0.0000000000
780.0000000000 0.0000000000
780.1250000000 0.0000000000
780.2500000000 0.0000000000
780.3750000000 0.0000000000
780.5000000000 0.0000000000
780.6250000000 0.0000000000
780.7500000000 0.0000000000
780.8750000000 0.0000000000
781.0000000000 0.0000000000
781.1250000000 0.0000000000
781.2500000000 0.0000000000
781.3750000000 0.0000000000
781.5000000000 0.0000000000
781.6250000000 0.0000000000
781.7500000000 0.0000000000
781.8750000000 0.0000000000
782.0000000000 0.0000000000
782.1250000000 0.0000000000
782.2500000000 0.0000000000
782.3750000000 0.0000000000
782.5000000000 0.0000000000
782.6250000000 0.0000000000
782.7500000000 0.0000000000
782.8750000000 0.0000000000
783.0000000000 0.0000000000
783.1250000000 0.0000000000
783.2500000000 0.0000000000
783.3750000000 0.0000000000
783.5000000000 0.0000000000
783.6250000000 0.0000000000
783.7500000000 0.0000000000
783.8750000000 0.0000000000
784.0000000000 0.0000000000
784.1250000000 0.0000000000
784.2500000000 0.0000000000
784.3750000000 0.0000000000
784.5000000000 0.0000000000
784.6250000000 0.0000000000
784.7500000000 0.0000000000
784.8750000000 0.0000000000
785.0000000000 0.0000000000
785.1250000000 0.0000000000
785.2500000000 0.0000000000
785.3750000000 0.0000000000
785.5000000000 0.0000000000
785.6250000000 0.0000000000
785.7500000000 0.0000000000
785.8750000000 0.0000000000
786.0000000000 0.0000000000
786.1250000000 0.0000000000
786.2500000000 0.0000000000
786.3750000000 0.0000000000
786.5000000000 0.0000000000
786.6250000000 0.0000000000
786.7500000000 0.0000000000
786.8750000000 0.0000000000
787.0000000000 0.0000000000
787.1250000000 0.0000000000
787.2500000000 0.0000000000
787.3750000000 0.0000000000
787.5000000000 0.0000000000
787.6250000000 0.0000000000
787.7500000000 0.0000000000
787.8750000000 0.0000000000
788.0000000000 0.0000000000
788.1250000000 0.0000000000
788.2500000000 0.0000000000
788.3750000000 0.0000000000
788.5000000000 0.0000000000
788.6250000000 0.0000000000
788.7500000000 0.0000000000
788.8750000000 0.0000000000
789.0000000000 0.0000000000
789.1250000000 0.0000000000
789.2500000000 0.0000000000
789.3750000000 0.0000000000
789.5000000000 0.0000000000
789.6250000000 0.0000000000
789.7500000000 0.0000000000
789.8750000000 0.0000000000
790.0000000000 0.0000000000
790.1250000000 0.0000000000
790.2500000000 0.0000000000
790.3750000000 0.0000000000
790.5000000000 0.0000000000
790.6250000000 0.0000000000
790.7500000000 0.0000000000
790.8750000000 0.0000000000
791.0000000000 0.0000000000
791.1250000000 0.0000000000
791.2500000000 0.0000000000
791.3750000000 0.0000000000
791.5000000000 0.0000000000
791.6250000000 0.0000000000
791.7500000000 0.0000000000
791.8750000000 0.0000000000
792.0000000000 0.0000000000
792.1250000000 0.0000000000
792.2500000000 0.0000000000
792.3750000000 0.0000000000
792.5000000000 0.0000000000
792.6250000000 0.0000000000
792.7500000000 0.0000000000
792.8750000000 0.0000000000
793.0000000000 0.0000000000
793.1250000000 0.0000000000
793.2500000000 0.0000000000
793.3750000000 0.0000000000
793.5000000000 0.0000000000
793.6250000000 0.0000000000
793.7500000000 0.0000000000
793.8750000000 0.0000000000
794.0000000000 0.0000000000
794.1250000000 0.0000000000
794.2500000000 0.0000000000
794.3750000000 0.0000000000
794.5000000000 0.0000000000
794.6250000000 0.0000000000
794.7500000000 0.0000000000
794.8750000000 0.0000000000
795.0000000000 0.0000000000
795.1250000000 0.0000000000
795.2500000000 0.0000000000
795.3750000000 0.0000000000
795.5000000000 0.0000000000
795.6250000000 0.0000000000
795.7500000000 0.0000000000
795.8750000000 0.0000000000
796.0000000000 0.0000000000
796.1250000000 0.0000000000
796.2500000000 0.0000000000
796.3750000000 0.0000000000
796.5000000000 0.0000000000
796.6250000000 0.0000000000
796.7500000000 0.0000000000
796.8750000000 0.0000000000
797.0000000000 0.0000000000
797.1250000000 0.0000000000
797.2500000000 0.0000000000
797.3750000000 0.0000000000
797.5000000000 0.0000000000
797.6250000000 0.0000000000
797.7500000000 0.0000000000
797.8750000000 0.0000000000
798.0000000000 0.0000000000
798.1250000000 0.0000000000
798.2500000000 0.0000000000
798.3750000000 0.0000000000
798.5000000000 0.0000000000
798.6250000000 0.0000000000
798.7500000000 0.0000000000
798.8750000000 0.0000000000
799.0000000000 0.0000000000
799.1250000000 0.0000000000
799.2500000000 0.0000000000
799.3750000000 0.0000000000
799.5000000000 0.0000000000
799.6250000000 0.0000000000
799.7500000000 0.0000000000
799.8750000000 0.0000000000
