600.0000000000 0.0000000000
600.1250000000 0.0000000000
600.2500000000 0.0000000000
600.3750000000 0.0000000000
600.5000000000 0.0000000000
600.6250000000 0.0000000000
600.7500000000 0.0000000000
600.8750000000 0.0000000000
601.0000000000 0.0000000000
601.1250000000 0.0000000000
601.2500000000 0.0000000000
601.3750000000 0.0000000000
601.5000000000 0.0000000000
601.6250000000 0.0000000000
601.7500000000 0.0000000000
601.8750000000 0.0000000000
602.0000000000 0.0000000000
602.1250000000 0.0000000000
602.2500000000 0.0000000000
602.3750000000 0.0000000000
602.5000000000 0.0000000000
602.6250000000 0.0000000000
602.7500000000 0.0000000000
602.8750000000 0.0000000000
603.0000000000 0.0000000000
603.1250000000 0.0000000000
603.2500000000 0.0000000000
603.3750000000 0.0000000000
603.5000000000 0.0000000000
603.6250000000 0.0000000000
603.7500000000 0.0000000000
603.8750000000 0.0000000000
604.0000000000 0.0000000000
604.1250000000 0.0000000000
604.2500000000 0.0000000000
604.3750000000 0.0000000000
604.5000000000 0.0000000000
604.6250000000 0.0000000000
604.7500000000 0.0000000000
604.8750000000 0.0000000000
605.0000000000 0.0000000000
605.1250000000 0.0000000000
605.2500000000 0.0000000000
605.3750000000 0.0000000000
605.5000000000 0.0000000000
605.6250000000 0.0000000000
605.7500000000 0.0000000000
605.8750000000 0.0000000000
606.0000000000 0.0000000000
606.1250000000 0.0000000000
606.2500000000 0.0000000000
606.3750000000 0.0000000000
606.5000000000 0.0000000000
606.6250000000 0.0000000000
606.7500000000 0.0000000000
606.8750000000 0.0000000000
607.0000000000 0.0000000000
607.1250000000 0.0000000000
607.2500000000 0.0000000000
607.3750000000 0.0000000000
607.5000000000 0.0000000000
607.6250000000 0.0000000000
607.7500000000 0.0000000000
607.8750000000 0.0000000000
608.0000000000 0.0000000000
608.1250000000 0.0000000000
608.2500000000 0.0000000000
608.3750000000 0.0000000000
608.5000000000 0.0000000000
608.6250000000 0.0000000000
608.7500000000 0.0000000000
608.8750000000 0.0000000000
609.0000000000 0.0000000000
609.1250000000 0.0000000000
609.2500000000 0.0000000000
609.3750000000 0.0000000000
609.5000000000 0.0000000000
609.6250000000 0.0000000000
609.7500000000 0.0000000000
609.8750000000 0.0000000000
610.0000000000 0.0000000000
610.1250000000 0.0000000000
610.2500000000 0.0000000000
610.3750000000 0.0000000000
610.5000000000 0.0000000000
610.6250000000 0.0000000000
610.7500000000 0.0000000000
610.8750000000 0.0000000000
611.0000000000 0.0000000000
611.1250000000 0.0000000000
611.2500000000 0.0000000000
611.3750000000 0.0000000000
611.5000000000 0.0000000000
611.6250000000 0.0000000000
611.7500000000 0.0000000000
611.8750000000 0.0000000000
612.0000000000 0.0000000000
612.1250000000 0.0000000000
612.2500000000 0.0000000000
612.3750000000 0.0000000000
612.5000000000 0.0000000000
612.6250000000 0.0000000000
612.7500000000 0.0000000000
612.8750000000 0.0000000000
613.0000000000 0.0000000000
613.1250000000 0.0000000000
613.2500000000 0.0000000000
613.3750000000 0.0000000000
613.5000000000 0.0000000000
613.6250000000 0.0000000000
613.7500000000 0.0000000000
613.8750000000 0.0000000000
614.0000000000 0.0000000000
614.1250000000 0.0000000000
614.2500000000 0.0000000000
614.3750000000 0.0000000000
614.5000000000 0.0000000000
614.6250000000 0.0000000000
614.7500000000 0.0000000000
614.8750000000 0.0000000000
615.0000000000 0.0000000000
615.1250000000 0.0000000000
615.2500000000 0.0000000000
615.3750000000 0.0000000000
615.5000000000 0.0000000000
615.6250000000 0.0000000000
615.7500000000 0.0000000000
615.8750000000 0.0000000000
616.0000000000 0.0000000000
616.1250000000 0.0000000000
616.2500000000 0.0000000000
616.3750000000 0.0000000000
616.5000000000 0.0000000000
616.6250000000 0.0000000000
616.7500000000 0.0000000000
616.8750000000 0.0000000000
617.0000000000 0.0000000000
617.1250000000 0.0000000000
617.2500000000 0.0000000000
617.3750000000 0.0000000000
617.5000000000 0.0000000000
617.6250000000 0.0000000000
617.7500000000 0.0000000000
617.8750000000 0.0000000000
618.0000000000 0.0000000000
618.1250000000 0.0000000000
618.2500000000 0.0000000000
618.3750000000 0.0000000000
618.5000000000 0.0000000000
618.6250000000 0.0000000000
618.7500000000 0.0000000000
618.8750000000 0.0000000000
619.0000000000 0.0000000000
619.1250000000 0.0000000000
619.2500000000 0.0000000000
619.3750000000 0.0000000000
619.5000000000 0.0000000000
619.6250000000 0.0000000000
619.7500000000 0.0000000000
619.8750000000 0.0000000000
620.0000000000 0.0000000000
620.1250000000 0.0000000000
620.2500000000 0.0000000000
620.3750000000 0.0000000000
620.5000000000 0.0000000000
620.6250000000 0.0000000000
620.7500000000 0.0000000000
620.8750000000 0.0000000000
621.0000000000 0.0000000000
621.1250000000 0.0000000000
621.2500000000 0.0000000000
621.3750000000 0.0000000000
621.5000000000 0.0000000000
621.6250000000 0.0000000000
621.7500000000 0.0000000000
621.8750000000 0.0000000000
622.0000000000 0.0000000000
622.1250000000 0.0000000000
622.2500000000 0.0000000000
622.3750000000 0.0000000000
622.5000000000 0.0000000000
622.6250000000 0.0000000000
622.7500000000 0.0000000000
622.8750000000 0.0000000000
623.0000000000 0.0000000000
623.1250000000 0.0000000000
623.2500000000 0.0000000000
623.3750000000 0.0000000000
623.5000000000 0.0000000000
623.6250000000 0.0000000000
623.7500000000 0.0000000000
623.8750000000 0.0000000000
624.0000000000 0.0000000000
624.1250000000 0.0000000000
624.2500000000 0.0000000000
624.3750000000 0.0000000000
624.5000000000 0.0000000000
624.6250000000 0.0000000000
624.7500000000 0.0000000000
624.8750000000 0.0000000000
625.0000000000 0.0000000000
625.1250000000 0.0000000000
625.2500000000 0.0000000000
625.3750000000 0.0000000000
625.5000000000 0.0000000000
625.6250000000 0.0000000000
625.7500000000 0.0000000000
625.8750000000 0.0000000000
626.0000000000 0.0000000000
626.1250000000 0.0000000000
626.2500000000 0.0000000000
626.3750000000 0.0000000000
626.5000000000 0.0000000000
626.6250000000 0.0000000000
626.7500000000 0.0000000000
626.8750000000 0.0000000000
627.0000000000 0.0000000000
627.1250000000 0.0000000000
627.2500000000 0.0000000000
627.3750000000 0.0000000000
627.5000000000 0.0000000000
627.6250000000 0.0000000000
627.7500000000 0.0000000000
627.8750000000 0.0000000000
628.0000000000 0.0000000000
628.1250000000 0.0000000000
628.2500000000 0.0000000000
628.3750000000 0.0000000000
628.5000000000 0.0000000000
628.6250000000 0.0000000000
628.7500000000 0.0000000000
628.8750000000 0.0000000000
629.0000000000 0.0000000000
629.1250000000 0.0000000000
629.2500000000 0.0000000000
629.3750000000 0.0000000000
629.5000000000 0.0000000000
629.6250000000 0.0000000000
629.7500000000 0.0000000000
629.8750000000 0.0000000000
630.0000000000 0.0000000000
630.1250000000 0.0000000000
630.2500000000 0.0000000000
630.3750000000 0.0000000000
630.5000000000 0.0000000000
630.6250000000 0.0000000000
630.7500000000 0.0000000000
630.8750000000 0.0000000000
631.0000000000 0.0000000000
631.1250000000 0.0000000000
631.2500000000 0.0000000000
631.3750000000 0.0000000000
631.5000000000 0.0000000000
631.6250000000 0.0000000000
631.7500000000 0.0000000000
631.8750000000 0.0000000000
632.0000000000 0.0000000000
632.1250000000 0.0000000000
632.2500000000 0.0000000000
632.3750000000 0.0000000000
632.5000000000 0.0000000000
632.6250000000 0.0000000000
632.7500000000 0.0000000000
632.8750000000 0.0000000000
633.0000000000 0.0000000000
633.1250000000 0.0000000000
633.2500000000 0.0000000000
633.3750000000 0.0000000000
633.5000000000 0.0000000000
633.6250000000 0.0000000000
633.7500000000 0.0000000000
633.8750000000 0.0000000000
634.0000000000 0.0000000000
634.1250000000 0.0000000000
634.2500000000 0.0000000000
634.3750000000 0.0000000000
634.5000000000 0.0000000000
634.6250000000 0.0000000000
634.7500000000 0.0000000000
634.8750000000 0.0000000000
635.0000000000 0.0000000000
635.1250000000 0.0000000000
635.2500000000 0.0000000000
635.3750000000 0.0000000000
635.5000000000 0.0000000000
635.6250000000 0.0000000000
635.7500000000 0.0000000000
635.8750000000 0.0000000000
636.0000000000 0.0000000000
636.1250000000 0.0000000000
636.2500000000 0.0000000000
636.3750000000 0.0000000000
636.5000000000 0.0000000000
636.6250000000 0.0000000000
636.7500000000 0.0000000000
636.8750000000 0.0000000000
637.0000000000 0.0000000000
637.1250000000 0.0000000000
637.2500000000 0.0000000000
637.3750000000 0.0000000000
637.5000000000 0.0000000000
637.6250000000 0.0000000000
637.7500000000 0.0000000000
637.8750000000 0.0000000000
638.0000000000 0.0000000000
638.1250000000 0.0000000000
638.2500000000 0.0000000000
638.3750000000 0.0000000000
638.5000000000 0.0000000000
638.6250000000 0.0000000000
638.7500000000 0.0000000000
638.8750000000 0.0000000000
639.0000000000 0.0000000000
639.1250000000 0.0000000000
639.2500000000 0.0000000000
639.3750000000 0.0000000000
639.5000000000 0.0000000000
639.6250000000 0.0000000000
639.7500000000 0.0000000000
639.8750000000 0.0000000000
640.0000000000 0.0000000000
640.1250000000 0.0000000000
640.2500000000 0.0000000000
640.3750000000 0.0000000000
640.5000000000 0.0000000000
640.6250000000 0.0000000000
640.7500000000 0.0000000000
640.8750000000 0.0000000000
641.0000000000 0.0000000000
641.1250000000 0.0000000000
641.2500000000 0.0000000000
641.3750000000 0.0000000000
641.5000000000 0.0000000000
641.6250000000 0.0000000000
641.7500000000 0.0000000000
641.8750000000 0.0000000000
642.0000000000 0.0000000000
642.1250000000 0.0000000000
642.2500000000 0.0000000000
642.3750000000 0.0000000000
642.5000000000 0.0000000000
642.6250000000 0.0000000000
642.7500000000 0.0000000000
642.8750000000 0.0000000000
643.0000000000 0.0000000000
643.1250000000 0.0000000000
643.2500000000 0.0000000000
643.3750000000 0.0000000000
643.5000000000 0.0000000000
643.6250000000 0.0000000000
643.7500000000 0.0000000000
643.8750000000 0.0000000000
644.0000000000 0.0000000000
644.1250000000 0.0000000000
644.2500000000 0.0000000000
644.3750000000 0.0000000000
644.5000000000 0.0000000000
644.6250000000 0.0000000000
644.7500000000 0.0000000000
644.8750000000 0.0000000000
645.0000000000 0.0000000000
645.1250000000 0.0000000000
645.2500000000 0.0000000000
645.3750000000 0.0000000000
645.5000000000 0.0000000000
645.6250000000 0.0000000000
645.7500000000 0.0000000000
645.8750000000 0.0000000000
646.0000000000 0.0000000000
646.1250000000 0.0000000000
646.2500000000 0.0000000000
646.3750000000 0.0000000000
646.5000000000 0.0000000000
646.6250000000 0.0000000000
646.7500000000 0.0000000000
646.8750000000 0.0000000000
647.0000000000 0.0000000000
647.1250000000 0.0000000000
647.2500000000 0.0000000000
647.3750000000 0.0000000000
647.5000000000 0.0000000000
647.6250000000 0.0000000000
647.7500000000 0.0000000000
647.8750000000 0.0000000000
648.0000000000 0.0000000000
648.1250000000 0.0000000000
648.2500000000 0.0000000000
648.3750000000 0.0000000000
648.5000000000 0.0000000000
648.6250000000 0.0000000000
648.7500000000 0.0000000000
648.8750000000 0.0000000000
649.0000000000 0.0000000000
649.1250000000 0.0000000000
649.2500000000 0.0000000000
649.3750000000 0.0000000000
649.5000000000 0.0000000000
649.6250000000 0.0000000000
649.7500000000 0.0000000000
649.8750000000 0.0000000000
650.0000000000 0.0000000000
650.1250000000 0.0000000000
650.2500000000 0.0000000000
650.3750000000 0.0000000000
650.5000000000 0.0000000000
650.6250000000 0.0000000000
650.7500000000 0.0000000000
650.8750000000 0.0000000000
651.0000000000 0.0000000000
651.1250000000 0.0000000000
651.2500000000 0.0000000000
651.3750000000 0.0000000000
651.5000000000 0.0000000000
651.6250000000 0.0000000000
651.7500000000 0.0000000000
651.8750000000 0.0000000000
652.0000000000 0.0000000000
652.1250000000 0.0000000000
652.2500000000 0.0000000000
652.3750000000 0.0000000000
652.5000000000 0.0000000000
652.6250000000 0.0000000000
652.7500000000 0.0000000000
652.8750000000 0.0000000000
653.0000000000 0.0000000000
653.1250000000 0.0000000000
653.2500000000 0.0000000000
653.3750000000 0.0000000000
653.5000000000 0.0000000000
653.6250000000 0.0000000000
653.7500000000 0.0000000000
653.8750000000 0.0000000000
654.0000000000 0.0000000000
654.1250000000 0.0000000000
654.2500000000 0.0000000000
654.3750000000 0.0000000000
654.5000000000 0.0000000000
654.6250000000 0.0000000000
654.7500000000 0.0000000000
654.8750000000 0.0000000000
655.0000000000 0.0000000000
655.1250000000 0.0000000000
655.2500000000 0.0000000000
655.3750000000 0.0000000000
655.5000000000 0.0000000000
655.6250000000 0.0000000000
655.7500000000 0.0000000000
655.8750000000 0.0000000000
656.0000000000 0.0000000000
656.1250000000 0.0000000000
656.2500000000 0.0000000000
656.3750000000 0.0000000000
656.5000000000 0.0000000000
656.6250000000 0.0000000000
656.7500000000 0.0000000000
656.8750000000 0.0000000000
657.0000000000 0.0000000000
657.1250000000 0.0000000000
657.2500000000 0.0000000000
657.3750000000 0.0000000000
657.5000000000 0.0000000000
657.6250000000 0.0000000000
657.7500000000 0.0000000000
657.8750000000 0.0000000000
658.0000000000 0.0000000000
658.1250000000 0.0000000000
658.2500000000 0.0000000000
658.3750000000 0.0000000000
658.5000000000 0.0000000000
658.6250000000 0.0000000000
658.7500000000 0.0000000000
658.8750000000 0.0000000000
659.0000000000 0.0000000000
659.1250000000 0.0000000000
659.2500000000 0.0000000000
659.3750000000 0.0000000000
659.5000000000 0.0000000000
659.6250000000 0.0000000000
659.7500000000 0.0000000000
659.8750000000 0.0000000000
660.0000000000 0.0000000000
660.1250000000 0.0000000000
660.2500000000 0.0000000000
660.3750000000 0.0000000000
660.5000000000 0.0000000000
660.6250000000 0.0000000000
660.7500000000 0.0000000000
660.8750000000 0.0000000000
661.0000000000 0.0000000000
661.1250000000 0.0000000000
661.2500000000 0.0000000000
661.3750000000 0.0000000000
661.5000000000 0.0000000000
661.6250000000 0.0000000000
661.7500000000 0.0000000000
661.8750000000 0.0000000000
662.0000000000 0.0000000000
662.1250000000 0.0000000000
662.2500000000 0.0000000000
662.3750000000 0.0000000000
662.5000000000 0.0000000000
662.6250000000 0.0000000000
662.7500000000 0.0000000000
662.8750000000 0.0000000000
663.0000000000 0.0000000000
663.1250000000 0.0000000000
663.2500000000 0.0000000000
663.3750000000 0.0000000000
663.5000000000 0.0000000000
663.6250000000 0.0000000000
663.7500000000 0.0000000000
663.8750000000 0.0000000000
664.0000000000 0.0000000000
664.1250000000 0.0000000000
664.2500000000 0.0000000000
664.3750000000 0.0000000000
664.5000000000 0.0000000000
664.6250000000 0.0000000000
664.7500000000 0.0000000000
664.8750000000 0.0000000000
665.0000000000 0.0000000000
665.1250000000 0.0000000000
665.2500000000 0.0000000000
665.3750000000 0.0000000000
665.5000000000 0.0000000000
665.6250000000 0.0000000000
665.7500000000 0.0000000000
665.8750000000 0.0000000000
666.0000000000 0.0000000000
666.1250000000 0.0000000000
666.2500000000 0.0000000000
666.3750000000 0.0000000000
666.5000000000 0.0000000000
666.6250000000 0.0000000000
666.7500000000 0.0000000000
666.8750000000 0.0000000000
667.0000000000 0.0000000000
667.1250000000 0.0000000000
667.2500000000 0.0000000000
667.3750000000 0.0000000000
667.5000000000 0.0000000000
667.6250000000 0.0000000000
667.7500000000 0.0000000000
667.8750000000 0.0000000000
668.0000000000 0.0000000000
668.1250000000 0.0000000000
668.2500000000 0.0000000000
668.3750000000 0.0000000000
668.5000000000 0.0000000000
668.6250000000 0.0000000000
668.7500000000 0.0000000000
668.8750000000 0.0000000000
669.0000000000 0.0000000000
669.1250000000 0.0000000000
669.2500000000 0.0000000000
669.3750000000 0.0000000000
669.5000000000 0.0000000000
669.6250000000 0.0000000000
669.7500000000 0.0000000000
669.8750000000 0.0000000000
670.0000000000 0.0000000000
670.1250000000 0.0000000000
670.2500000000 0.0000000000
670.3750000000 0.0000000000
670.5000000000 0.0000000000
670.6250000000 0.0000000000
670.7500000000 0.0000000000
670.8750000000 0.0000000000
671.0000000000 0.0000000000
671.1250000000 0.0000000000
671.2500000000 0.0000000000
671.3750000000 0.0000000000
671.5000000000 0.0000000000
671.6250000000 0.0000000000
671.7500000000 0.0000000000
671.8750000000 0.0000000000
672.0000000000 0.0000000000
672.1250000000 0.0000000000
672.2500000000 0.0000000000
672.3750000000 0.0000000000
672.5000000000 0.0000000000
672.6250000000 0.0000000000
672.7500000000 0.0000000000
672.8750000000 0.0000000000
673.0000000000 0.0000000000
673.1250000000 0.0000000000
673.2500000000 0.0000000000
673.3750000000 0.0000000000
673.5000000000 0.0000000000
673.6250000000 0.0000000000
673.7500000000 0.0000000000
673.8750000000 0.0000000000
674.0000000000 0.0000000000
674.1250000000 0.0000000000
674.2500000000 0.0000000000
674.3750000000 0.0000000000
674.5000000000 0.0000000000
674.6250000000 0.0000000000
674.7500000000 0.0000000000
674.8750000000 0.0000000000
675.0000000000 0.0000000000
675.1250000000 0.0000000000
675.2500000000 0.0000000000
675.3750000000 0.0000000000
675.5000000000 0.0000000000
675.6250000000 0.0000000000
675.7500000000 0.0000000000
675.8750000000 0.0000000000
676.0000000000 0.0000000000
676.1250000000 0.0000000000
676.2500000000 0.0000000000
676.3750000000 0.0000000000
676.5000000000 0.0000000000
676.6250000000 0.0000000000
676.7500000000 0.0000000000
676.8750000000 0.0000000000
677.0000000000 0.0000000000
677.1250000000 0.0000000000
677.2500000000 0.0000000000
677.3750000000 0.0000000000
677.5000000000 0.0000000000
677.6250000000 0.0000000000
677.7500000000 0.0000000000
677.8750000000 0.0000000000
678.0000000000 0.0000000000
678.1250000000 0.0000000000
678.2500000000 0.0000000000
678.3750000000 0.0000000000
678.5000000000 0.0000000000
678.6250000000 0.0000000000
678.7500000000 0.0000000000
678.8750000000 0.0000000000
679.0000000000 0.0000000000
679.1250000000 0.0000000000
679.2500000000 0.0000000000
679.3750000000 0.0000000000
679.5000000000 0.0000000000
679.6250000000 0.0000000000
679.7500000000 0.0000000000
679.8750000000 0.0000000000
680.0000000000 0.0000000000
680.1250000000 0.0000000000
680.2500000000 0.0000000000
680.3750000000 0.0000000000
680.5000000000 0.0000000000
680.6250000000 0.0000000000
680.7500000000 0.0000000000
680.8750000000 0.0000000000
681.0000000000 0.0000000000
681.1250000000 0.0000000000
681.2500000000 0.0000000000
681.3750000000 0.0000000000
681.5000000000 0.0000000000
681.6250000000 0.0000000000
681.7500000000 0.0000000000
681.8750000000 0.0000000000
682.0000000000 0.0000000000
682.1250000000 0.0000000000
682.2500000000 0.0000000000
682.3750000000 0.0000000000
682.5000000000 0.0000000000
682.6250000000 0.0000000000
682.7500000000 0.0000000000
682.8750000000 0.0000000000
683.0000000000 0.0000000000
683.1250000000 0.0000000000
683.2500000000 0.0000000000
683.3750000000 0.0000000000
683.5000000000 0.0000000000
683.6250000000 0.0000000000
683.7500000000 0.0000000000
683.8750000000 0.0000000000
684.0000000000 0.0000000000
684.1250000000 0.0000000000
684.2500000000 0.0000000000
684.3750000000 0.0000000000
684.5000000000 0.0000000000
684.6250000000 0.0000000000
684.7500000000 0.0000000000
684.8750000000 0.0000000000
685.0000000000 0.0000000000
685.1250000000 0.0000000000
685.2500000000 0.0000000000
685.3750000000 0.0000000000
685.5000000000 0.0000000000
685.6250000000 0.0000000000
685.7500000000 0.0000000000
685.8750000000 0.0000000000
686.0000000000 0.0000000000
686.1250000000 0.0000000000
686.2500000000 0.0000000000
686.3750000000 0.0000000000
686.5000000000 0.0000000000
686.6250000000 0.0000000000
686.7500000000 0.0000000000
686.8750000000 0.0000000000
687.0000000000 0.0000000000
687.1250000000 0.0000000000
687.2500000000 0.0000000000
687.3750000000 0.0000000000
687.5000000000 0.0000000000
687.6250000000 0.0000000000
687.7500000000 0.0000000000
687.8750000000 0.0000000000
688.0000000000 0.0000000000
688.1250000000 0.0000000000
688.2500000000 0.0000000000
688.3750000000 0.0000000000
688.5000000000 0.0000000000
688.6250000000 0.0000000000
688.7500000000 0.0000000000
688.8750000000 0.0000000000
689.0000000000 0.0000000000
689.1250000000 0.0000000000
689.2500000000 0.0000000000
689.3750000000 0.0000000000
689.5000000000 0.0000000000
689.6250000000 0.0000000000
689.7500000000 0.0000000000
689.8750000000 0.0000000000
690.0000000000 0.0000000000
690.1250000000 0.0000000000
690.2500000000 0.0000000000
690.3750000000 0.0000000000
690.5000000000 0.0000000000
690.6250000000 0.0000000000
690.7500000000 0.0000000000
690.8750000000 0.0000000000
691.0000000000 0.0000000000
691.1250000000 0.0000000000
691.2500000000 0.0000000000
691.3750000000 0.0000000000
691.5000000000 0.0000000000
691.6250000000 0.0000000000
691.7500000000 0.0000000000
691.8750000000 0.0000000000
692.0000000000 0.0000000000
692.1250000000 0.0000000000
692.2500000000 0.0000000000
692.3750000000 0.0000000000
692.5000000000 0.0000000000
692.6250000000 0.0000000000
692.7500000000 0.0000000000
692.8750000000 0.0000000000
693.0000000000 0.0000000000
693.1250000000 0.0000000000
693.2500000000 0.0000000000
693.3750000000 0.0000000000
693.5000000000 0.0000000000
693.6250000000 0.0000000000
693.7500000000 0.0000000000
693.8750000000 0.0000000000
694.0000000000 0.0000000000
694.1250000000 0.0000000000
694.2500000000 0.0000000000
694.3750000000 0.0000000000
694.5000000000 0.0000000000
694.6250000000 0.0000000000
694.7500000000 0.0000000000
694.8750000000 0.0000000000
695.0000000000 0.0000000000
695.1250000000 0.0000000000
695.2500000000 0.0000000000
695.3750000000 0.0000000000
695.5000000000 0.0000000000
695.6250000000 0.0000000000
695.7500000000 0.0000000000
695.8750000000 0.0000000000
696.0000000000 0.0000000000
696.1250000000 0.0000000000
696.2500000000 0.0000000000
696.3750000000 0.0000000000
696.5000000000 0.0000000000
696.6250000000 0.0000000000
696.7500000000 0.0000000000
696.8750000000 0.0000000000
697.0000000000 0.0000000000
697.1250000000 0.0000000000
697.2500000000 0.0000000000
697.3750000000 0.0000000000
697.5000000000 0.0000000000
697.6250000000 0.0000000000
697.7500000000 0.0000000000
697.8750000000 0.0000000000
698.0000000000 0.0000000000
698.1250000000 0.0000000000
698.2500000000 0.0000000000
698.3750000000 0.0000000000
698.5000000000 0.0000000000
698.6250000000 0.0000000000
698.7500000000 0.0000000000
698.8750000000 0.0000000000
699.0000000000 0.0000000000
699.1250000000 0.0000000000
699.2500000000 0.0000000000
699.3750000000 0.0000000000
699.5000000000 0.0000000000
699.6250000000 0.0000000000
699.7500000000 0.0000000000
699.8750000000 0.0000000000
700.0000000000 0.0000000000
700.1250000000 0.0000000000
700.2500000000 0.0000000000
700.3750000000 0.0000000000
700.5000000000 0.0000000000
700.6250000000 0.0000000000
700.7500000000 0.0000000000
700.8750000000 0.0000000000
701.0000000000 0.0000000000
701.1250000000 0.0000000000
701.2500000000 0.0000000000
701.3750000000 0.0000000000
701.5000000000 0.0000000000
701.6250000000 0.0000000000
701.7500000000 0.0000000000
701.8750000000 0.0000000000
702.0000000000 0.0000000000
702.1250000000 0.0000000000
702.2500000000 0.0000000000
702.3750000000 0.0000000000
702.5000000000 0.0000000000
702.6250000000 0.0000000000
702.7500000000 0.0000000000
702.8750000000 0.0000000000
703.0000000000 0.0000000000
703.1250000000 0.0000000000
703.2500000000 0.0000000000
703.3750000000 0.0000000000
703.5000000000 0.0000000000
703.6250000000 0.0000000000
703.7500000000 0.0000000000
703.8750000000 0.0000000000
704.0000000000 0.0000000000
704.1250000000 0.0000000000
704.2500000000 0.0000000000
704.3750000000 0.0000000000
704.5000000000 0.0000000000
704.6250000000 0.0000000000
704.7500000000 0.0000000000
704.8750000000 0.0000000000
705.0000000000 0.0000000000
705.1250000000 0.0000000000
705.2500000000 0.0000000000
705.3750000000 0.0000000000
705.5000000000 0.0000000000
705.6250000000 0.0000000000
705.7500000000 0.0000000000
705.8750000000 0.0000000000
706.0000000000 0.0000000000
706.1250000000 0.0000000000
706.2500000000 0.0000000000
706.3750000000 0.0000000000
706.5000000000 0.0000000000
706.6250000000 0.0000000000
706.7500000000 0.0000000000
706.8750000000 0.0000000000
707.0000000000 0.0000000000
707.1250000000 0.0000000000
707.2500000000 0.0000000000
707.3750000000 0.0000000000
707.5000000000 0.0000000000
707.6250000000 0.0000000000
707.7500000000 0.0000000000
707.8750000000 0.0000000000
708.0000000000 0.0000000000
708.1250000000 0.0000000000
708.2500000000 0.0000000000
708.3750000000 0.0000000000
708.5000000000 0.0000000000
708.6250000000 0.0000000000
708.7500000000 0.0000000000
708.8750000000 0.0000000000
709.0000000000 0.0000000000
709.1250000000 0.0000000000
709.2500000000 0.0000000000
709.3750000000 0.0000000000
709.5000000000 0.0000000000
709.6250000000 0.0000000000
709.7500000000 0.0000000000
709.8750000000 0.0000000000
710.0000000000 0.0000000000
710.1250000000 0.0000000000
710.2500000000 0.0000000000
710.3750000000 0.0000000000
710.5000000000 0.0000000000
710.6250000000 0.0000000000
710.7500000000 0.0000000000
710.8750000000 0.0000000000
711.0000000000 0.0000000000
711.1250000000 0.0000000000
711.2500000000 0.0000000000
711.3750000000 0.0000000000
711.5000000000 0.0000000000
711.6250000000 0.0000000000
711.7500000000 0.0000000000
711.8750000000 0.0000000000
712.0000000000 0.0000000000
712.1250000000 0.0000000000
712.2500000000 0.0000000000
712.3750000000 0.0000000000
712.5000000000 0.0000000000
712.6250000000 0.0000000000
712.7500000000 0.0000000000
712.8750000000 0.0000000000
713.0000000000 0.0000000000
713.1250000000 0.0000000000
713.2500000000 0.0000000000
713.3750000000 0.0000000000
713.5000000000 0.0000000000
713.6250000000 0.0000000000
713.7500000000 0.0000000000
713.8750000000 0.0000000000
714.0000000000 0.0000000000
714.1250000000 0.0000000000
714.2500000000 0.0000000000
714.3750000000 0.0000000000
714.5000000000 0.0000000000
714.6250000000 0.0000000000
714.7500000000 0.0000000000
714.8750000000 0.0000000000
715.0000000000 0.0000000000
715.1250000000 0.0000000000
715.2500000000 0.0000000000
715.3750000000 0.0000000000
715.5000000000 0.0000000000
715.6250000000 0.0000000000
715.7500000000 0.0000000000
715.8750000000 0.0000000000
716.0000000000 0.0000000000
716.1250000000 0.0000000000
716.2500000000 0.0000000000
716.3750000000 0.0000000000
716.5000000000 0.0000000000
716.6250000000 0.0000000000
716.7500000000 0.0000000000
716.8750000000 0.0000000000
717.0000000000 0.0000000000
717.1250000000 0.0000000000
717.2500000000 0.0000000000
717.3750000000 0.0000000000
717.5000000000 0.0000000000
717.6250000000 0.0000000000
717.7500000000 0.0000000000
717.8750000000 0.0000000000
718.0000000000 0.0000000000
718.1250000000 0.0000000000
718.2500000000 0.0000000000
718.3750000000 0.0000000000
718.5000000000 0.0000000000
718.6250000000 0.0000000000
718.7500000000 0.0000000000
718.8750000000 0.0000000000
719.0000000000 0.0000000000
719.1250000000 0.0000000000
719.2500000000 0.0000000000
719.3750000000 0.0000000000
719.5000000000 0.0000000000
719.6250000000 0.0000000000
719.7500000000 0.0000000000
719.8750000000 0.0000000000
720.0000000000 0.0000000000
720.1250000000 0.0000000000
720.2500000000 0.0000000000
720.3750000000 0.0000000000
720.5000000000 0.0000000000
720.6250000000 0.0000000000
720.7500000000 0.0000000000
720.8750000000 0.0000000000
721.0000000000 0.0000000000
721.1250000000 0.0000000000
721.2500000000 0.0000000000
721.3750000000 0.0000000000
721.5000000000 0.0000000000
721.6250000000 0.0000000000
721.7500000000 0.0000000000
721.8750000000 0.0000000000
722.0000000000 0.0000000000
722.1250000000 0.0000000000
722.2500000000 0.0000000000
722.3750000000 0.0000000000
722.5000000000 0.0000000000
722.6250000000 0.0000000000
722.7500000000 0.0000000000
722.8750000000 0.0000000000
723.0000000000 0.0000000000
723.1250000000 0.0000000000
723.2500000000 0.0000000000
723.3750000000 0.0000000000
723.5000000000 0.0000000000
723.6250000000 0.0000000000
723.7500000000 0.0000000000
723.8750000000 0.0000000000
724.0000000000 0.0000000000
724.1250000000 0.0000000000
724.2500000000 0.0000000000
724.3750000000 0.0000000000
724.5000000000 0.0000000000
724.6250000000 0.0000000000
724.7500000000 0.0000000000
724.8750000000 0.0000000000
725.0000000000 0.0000000000
725.1250000000 0.0000000000
725.2500000000 0.0000000000
725.3750000000 0.0000000000
725.5000000000 0.0000000000
725.6250000000 0.0000000000
725.7500000000 0.0000000000
725.8750000000 0.0000000000
726.0000000000 0.0000000000
726.1250000000 0.0000000000
726.2500000000 0.0000000000
726.3750000000 0.0000000000
726.5000000000 0.0000000000
726.6250000000 0.0000000000
726.7500000000 0.0000000000
726.8750000000 0.0000000000
727.0000000000 0.0000000000
727.1250000000 0.0000000000
727.2500000000 0.0000000000
727.3750000000 0.0000000000
727.5000000000 0.0000000000
727.6250000000 0.0000000000
727.7500000000 0.0000000000
727.8750000000 0.0000000000
728.0000000000 0.0000000000
728.1250000000 0.0000000000
728.2500000000 0.0000000000
728.3750000000 0.0000000000
728.5000000000 0.0000000000
728.6250000000 0.0000000000
728.7500000000 0.0000000000
728.8750000000 0.0000000000
729.0000000000 0.0000000000
729.1250000000 0.0000000000
729.2500000000 0.0000000000
729.3750000000 0.0000000000
729.5000000000 0.0000000000
729.6250000000 0.0000000000
729.7500000000 0.0000000000
729.8750000000 0.0000000000
730.0000000000 0.0000000000
730.1250000000 0.0000000000
730.2500000000 0.0000000000
730.3750000000 0.0000000000
730.5000000000 0.0000000000
730.6250000000 0.0000000000
730.7500000000 0.0000000000
730.8750000000 0.0000000000
731.0000000000 0.0000000000
731.1250000000 0.0000000000
731.2500000000 0.0000000000
731.3750000000 0.0000000000
731.5000000000 0.0000000000
731.6250000000 0.0000000000
731.7500000000 0.0000000000
731.8750000000 0.0000000000
732.0000000000 0.0000000000
732.1250000000 0.0000000000
732.2500000000 0.0000000000
732.3750000000 0.0000000000
732.5000000000 0.0000000000
732.6250000000 0.0000000000
732.7500000000 0.0000000000
732.8750000000 0.0000000000
733.0000000000 0.0000000000
733.1250000000 0.0000000000
733.2500000000 0.0000000000
733.3750000000 0.0000000000
733.5000000000 0.0000000000
733.6250000000 0.0000000000
733.7500000000 0.0000000000
733.8750000000 0.0000000000
734.0000000000 0.0000000000
734.1250000000 0.0000000000
734.2500000000 0.0000000000
734.3750000000 0.0000000000
734.5000000000 0.0000000000
734.6250000000 0.0000000000
734.7500000000 0.0000000000
734.8750000000 0.0000000000
735.0000000000 0.0000000000
735.1250000000 0.0000000000
735.2500000000 0.0000000000
735.3750000000 0.0000000000
735.5000000000 0.0000000000
735.6250000000 0.0000000000
735.7500000000 0.0000000000
735.8750000000 0.0000000000
736.0000000000 0.0000000000
736.1250000000 0.0000000000
736.2500000000 0.0000000000
736.3750000000 0.0000000000
736.5000000000 0.0000000000
736.6250000000 0.0000000000
736.7500000000 0.0000000000
736.8750000000 0.0000000000
737.0000000000 0.0000000000
737.1250000000 0.0000000000
737.2500000000 0.0000000000
737.3750000000 0.0000000000
737.5000000000 0.0000000000
737.6250000000 0.0000000000
737.7500000000 0.0000000000
737.8750000000 0.0000000000
738.0000000000 0.0000000000
738.1250000000 0.0000000000
738.2500000000 0.0000000000
738.3750000000 0.0000000000
738.5000000000 0.0000000000
738.6250000000 0.0000000000
738.7500000000 0.0000000000
738.8750000000 0.0000000000
739.0000000000 0.0000000000
739.1250000000 0.0000000000
739.2500000000 0.0000000000
739.3750000000 0.0000000000
739.5000000000 0.0000000000
739.6250000000 0.0000000000
739.7500000000 0.0000000000
739.8750000000 0.0000000000
740.0000000000 0.0000000000
740.1250000000 0.0000000000
740.2500000000 0.0000000000
740.3750000000 0.0000000000
740.5000000000 0.0000000000
740.6250000000 0.0000000000
740.7500000000 0.0000000000
740.8750000000 0.0000000000
741.0000000000 0.0000000000
741.1250000000 0.0000000000
741.2500000000 0.0000000000
741.3750000000 0.0000000000
741.5000000000 0.0000000000
741.6250000000 0.0000000000
741.7500000000 0.0000000000
741.8750000000 0.0000000000
742.0000000000 0.0000000000
742.1250000000 0.0000000000
742.2500000000 0.0000000000
742.3750000000 0.0000000000
742.5000000000 0.0000000000
742.6250000000 0.0000000000
742.7500000000 0.0000000000
742.8750000000 0.0000000000
743.0000000000 0.0000000000
743.1250000000 0.0000000000
743.2500000000 0.0000000000
743.3750000000 0.0000000000
743.5000000000 0.0000000000
743.6250000000 0.0000000000
743.7500000000 0.0000000000
743.8750000000 0.0000000000
744.0000000000 0.0000000000
744.1250000000 0.0000000000
744.2500000000 0.0000000000
744.3750000000 0.0000000000
744.5000000000 0.0000000000
744.6250000000 0.0000000000
744.7500000000 0.0000000000
744.8750000000 0.0000000000
745.0000000000 0.0000000000
745.1250000000 0.0000000000
745.2500000000 0.0000000000
745.3750000000 0.0000000000
745.5000000000 0.0000000000
745.6250000000 0.0000000000
745.7500000000 0.0000000000
745.8750000000 0.0000000000
746.0000000000 0.0000000000
746.1250000000 0.0000000000
746.2500000000 0.0000000000
746.3750000000 0.0000000000
746.5000000000 0.0000000000
746.6250000000 0.0000000000
746.7500000000 0.0000000000
746.8750000000 0.0000000000
747.0000000000 0.0000000000
747.1250000000 0.0000000000
747.2500000000 0.0000000000
747.3750000000 0.0000000000
747.5000000000 0.0000000000
747.6250000000 0.0000000000
747.7500000000 0.0000000000
747.8750000000 0.0000000000
748.0000000000 0.0000000000
748.1250000000 0.0000000000
748.2500000000 0.0000000000
748.3750000000 0.0000000000
748.5000000000 0.0000000000
748.6250000000 0.0000000000
748.7500000000 0.0000000000
748.8750000000 0.0000000000
749.0000000000 0.0000000000
749.1250000000 0.0000000000
749.2500000000 0.0000000000
749.3750000000 0.0000000000
749.5000000000 0.0000000000
749.6250000000 0.0000000000
749.7500000000 0.0000000000
749.8750000000 0.0000000000
750.0000000000 0.0000000000
750.1250000000 0.0000000000
750.2500000000 0.0000000000
750.3750000000 0.0000000000
750.5000000000 0.0000000000
750.6250000000 0.0000000000
750.7500000000 0.0000000000
750.8750000000 0.0000000000
751.0000000000 0.0000000000
751.1250000000 0.0000000000
751.2500000000 0.0000000000
751.3750000000 0.0000000000
751.5000000000 0.0000000000
751.6250000000 0.0000000000
751.7500000000 0.0000000000
751.8750000000 0.0000000000
752.0000000000 0.0000000000
752.1250000000 0.0000000000
752.2500000000 0.0000000000
752.3750000000 0.0000000000
752.5000000000 0.0000000000
752.6250000000 0.0000000000
752.7500000000 0.0000000000
752.8750000000 0.0000000000
753.0000000000 0.0000000000
753.1250000000 0.0000000000
753.2500000000 0.0000000000
753.3750000000 0.0000000000
753.5000000000 0.0000000000
753.6250000000 0.0000000000
753.7500000000 0.0000000000
753.8750000000 0.0000000000
754.0000000000 0.0000000000
754.1250000000 0.0000000000
754.2500000000 0.0000000000
754.3750000000 0.0000000000
754.5000000000 0.0000000000
754.6250000000 0.0000000000
754.7500000000 0.0000000000
754.8750000000 0.0000000000
755.0000000000 0.0000000000
755.1250000000 0.0000000000
755.2500000000 0.0000000000
755.3750000000 0.0000000000
755.5000000000 0.0000000000
755.6250000000 0.0000000000
755.7500000000 0.0000000000
755.8750000000 0.0000000000
756.0000000000 0.0000000000
756.1250000000 0.0000000000
756.2500000000 0.0000000000
756.3750000000 0.0000000000
756.5000000000 0.0000000000
756.6250000000 0.0000000000
756.7500000000 0.0000000000
756.8750000000 0.0000000000
757.0000000000 0.0000000000
757.1250000000 0.0000000000
757.2500000000 0.0000000000
757.3750000000 0.0000000000
757.5000000000 0.0000000000
757.6250000000 0.0000000000
757.7500000000 0.0000000000
757.8750000000 0.0000000000
758.0000000000 0.0000000000
758.1250000000 0.0000000000
758.2500000000 0.0000000000
758.3750000000 0.0000000000
758.5000000000 0.0000000000
758.6250000000 0.0000000000
758.7500000000 0.0000000000
758.8750000000 0.0000000000
759.0000000000 0.0000000000
759.1250000000 0.0000000000
759.2500000000 0.0000000000
759.3750000000 0.0000000000
759.5000000000 0.0000000000
759.6250000000 0.0000000000
759.7500000000 0.0000000000
759.8750000000 0.0000000000
760.0000000000 0.0000000000
760.1250000000 0.0000000000
760.2500000000 0.0000000000
760.3750000000 0.0000000000
760.5000000000 0.0000000000
760.6250000000 0.0000000000
760.7500000000 0.0000000000
760.8750000000 0.0000000000
761.0000000000 0.0000000000
761.1250000000 0.0000000000
761.2500000000 0.0000000000
761.3750000000 0.0000000000
761.5000000000 0.0000000000
761.6250000000 0.0000000000
761.7500000000 0.0000000000
761.8750000000 0.0000000000
762.0000000000 0.0000000000
762.1250000000 0.0000000000
762.2500000000 0.0000000000
762.3750000000 0.0000000000
762.5000000000 0.0000000000
762.6250000000 0.0000000000
762.7500000000 0.0000000000
762.8750000000 0.0000000000
763.0000000000 0.0000000000
763.1250000000 0.0000000000
763.2500000000 0.0000000000
763.3750000000 0.0000000000
763.5000000000 0.0000000000
763.6250000000 0.0000000000
763.7500000000 0.0000000000
763.8750000000 0.0000000000
764.0000000000 0.0000000000
764.1250000000 0.0000000000
764.2500000000 0.0000000000
764.3750000000 0.0000000000
764.5000000000 0.0000000000
764.6250000000 0.0000000000
764.7500000000 0.0000000000
764.8750000000 0.0000000000
765.0000000000 0.0000000000
765.1250000000 0.0000000000
765.2500000000 0.0000000000
765.3750000000 0.0000000000
765.5000000000 0.0000000000
765.6250000000 0.0000000000
765.7500000000 0.0000000000
765.8750000000 0.0000000000
766.0000000000 0.0000000000
766.1250000000 0.0000000000
766.2500000000 0.0000000000
766.3750000000 0.0000000000
766.5000000000 0.0000000000
766.6250000000 0.0000000000
766.7500000000 0.0000000000
766.8750000000 0.0000000000
767.0000000000 0.0000000000
767.1250000000 0.0000000000
767.2500000000 0.0000000000
767.3750000000 0.0000000000
767.5000000000 0.0000000000
767.6250000000 0.0000000000
767.7500000000 0.0000000000
767.8750000000 0.0000000000
768.0000000000 0.0000000000
768.1250000000 0.0000000000
768.2500000000 0.0000000000
768.3750000000 0.0000000000
768.5000000000 0.0000000000
768.6250000000 0.0000000000
768.7500000000 0.0000000000
768.8750000000 0.0000000000
769.0000000000 0.0000000000
769.1250000000 0.0000000000
769.2500000000 0.0000000000
769.3750000000 0.0000000000
769.5000000000 0.0000000000
769.6250000000 0.0000000000
769.7500000000 0.0000000000
769.8750000000 0.0000000000
770.0000000000 0.0000000000
770.1250000000 0.0000000000
770.2500000000 0.0000000000
770.3750000000 0.0000000000
770.5000000000 0.0000000000
770.6250000000 0.0000000000
770.7500000000 0.0000000000
770.8750000000 0.0000000000
771.0000000000 0.0000000000
771.1250000000 0.0000000000
771.2500000000 0.0000000000
771.3750000000 0.0000000000
771.5000000000 0.0000000000
771.6250000000 0.0000000000
771.7500000000 0.0000000000
771.8750000000 0.0000000000
772.0000000000 0.0000000000
772.1250000000 0.0000000000
772.2500000000 0.0000000000
772.3750000000 0.0000000000
772.5000000000 0.0000000000
772.6250000000 0.0000000000
772.7500000000 0.0000000000
772.8750000000 0.0000000000
773.0000000000 0.0000000000
773.1250000000 0.0000000000
773.2500000000 0.0000000000
773.3750000000 0.0000000000
773.5000000000 0.0000000000
773.6250000000 0.0000000000
773.7500000000 0.0000000000
773.8750000000 0.0000000000
774.0000000000 0.0000000000
774.1250000000 0.0000000000
774.2500000000 0.0000000000
774.3750000000 0.0000000000
774.5000000000 0.0000000000
774.6250000000 0.0000000000
774.7500000000 0.0000000000
774.8750000000 0.0000000000
775.0000000000 0.0000000000
775.1250000000 0.0000000000
775.2500000000 0.0000000000
775.3750000000 0.0000000000
775.5000000000 0.0000000000
775.6250000000 0.0000000000
775.7500000000 0.0000000000
775.8750000000 0.0000000000
776.0000000000 0.0000000000
776.1250000000 0.0000000000
776.2500000000 0.0000000000
776.3750000000 0.0000000000
776.5000000000 0.0000000000
776.6250000000 0.0000000000
776.7500000000 0.0000000000
776.8750000000 0.0000000000
777.0000000000 0.0000000000
777.1250000000 0.0000000000
777.2500000000 0.0000000000
777.3750000000 0.0000000000
777.5000000000 0.0000000000
777.6250000000 0.0000000000
777.7500000000 0.0000000000
777.8750000000 0.0000000000
778.0000000000 0.0000000000
778.1250000000 0.0000000000
778.2500000000 0.0000000000
778.3750000000 0.0000000000
778.5000000000 0.0000000000
778.6250000000 0.0000000000
778.7500000000 0.0000000000
778.8750000000 0.0000000000
779.0000000000 0.0000000000
779.1250000000 0.0000000000
779.2500000000 0.0000000000
779.3750000000 0.0000000000
779.5000000000 0.0000000000
779.6250000000 0.0000000000
779.7500000000 0.0000000000
779.8750000000 0.0000000000
780.0000000000 0.0000000000
780.1250000000 0.0000000000
780.2500000000 0.0000000000
780.3750000000 0.0000000000
780.5000000000 0.0000000000
780.6250000000 0.0000000000
780.7500000000 0.0000000000
780.8750000000 0.0000000000
781.0000000000 0.0000000000
781.1250000000 0.0000000000
781.2500000000 0.0000000000
781.3750000000 0.0000000000
781.5000000000 0.0000000000
781.6250000000 0.0000000000
781.7500000000 0.0000000000
781.8750000000 0.0000000000
782.0000000000 0.0000000000
782.1250000000 0.0000000000
782.2500000000 0.0000000000
782.3750000000 0.0000000000
782.5000000000 0.0000000000
782.6250000000 0.0000000000
782.7500000000 0.0000000000
782.8750000000 0.0000000000
783.0000000000 0.0000000000
783.1250000000 0.0000000000
783.2500000000 0.0000000000
783.3750000000 0.0000000000
783.5000000000 0.0000000000
783.6250000000 0.0000000000
783.7500000000 0.0000000000
783.8750000000 0.0000000000
784.0000000000 0.0000000000
784.1250000000 0.0000000000
784.2500000000 0.0000000000
784.3750000000 0.0000000000
784.5000000000 0.0000000000
784.6250000000 0.0000000000
784.7500000000 0.0000000000
784.8750000000 0.0000000000
785.0000000000 0.0000000000
785.1250000000 0.0000000000
785.2500000000 0.0000000000
785.3750000000 0.0000000000
785.5000000000 0.0000000000
785.6250000000 0.0000000000
785.7500000000 0.0000000000
785.8750000000 0.0000000000
786.0000000000 0.0000000000
786.1250000000 0.0000000000
786.2500000000 0.0000000000
786.3750000000 0.0000000000
786.5000000000 0.0000000000
786.6250000000 0.0000000000
786.7500000000 0.0000000000
786.8750000000 0.0000000000
787.0000000000 0.0000000000
787.1250000000 0.0000000000
787.2500000000 0.0000000000
787.3750000000 0.0000000000
787.5000000000 0.0000000000
787.6250000000 0.0000000000
787.7500000000 0.0000000000
787.8750000000 0.0000000000
788.0000000000 0.0000000000
788.1250000000 0.0000000000
788.2500000000 0.0000000000
788.3750000000 0.0000000000
788.5000000000 0.0000000000
788.6250000000 0.0000000000
788.7500000000 0.0000000000
788.8750000000 0.0000000000
789.0000000000 0.0000000000
789.1250000000 0.0000000000
789.2500000000 0.0000000000
789.3750000000 0.0000000000
789.5000000000 0.0000000000
789.6250000000 0.0000000000
789.7500000000 0.0000000000
789.8750000000 0.0000000000
790.0000000000 0.0000000000
790.1250000000 0.0000000000
790.2500000000 0.0000000000
790.3750000000 0.0000000000
790.5000000000 0.0000000000
790.6250000000 0.0000000000
790.7500000000 0.0000000000
790.8750000000 0.0000000000
791.0000000000 0.0000000000
791.1250000000 0.0000000000
791.2500000000 0.0000000000
791.3750000000 0.0000000000
791.5000000000 0.0000000000
791.6250000000 0.0000000000
791.7500000000 0.0000000000
791.8750000000 0.0000000000
792.0000000000 0.0000000000
792.1250000000 0.0000000000
792.2500000000 0.0000000000
792.3750000000 0.0000000000
792.5000000000 0.0000000000
792.6250000000 0.0000000000
792.7500000000 0.0000000000
792.8750000000 0.0000000000
793.0000000000 0.0000000000
793.1250000000 0.0000000000
793.2500000000 0.0000000000
793.3750000000 0.0000000000
793.5000000000 0.0000000000
793.6250000000 0.0000000000
793.7500000000 0.0000000000
793.8750000000 0.0000000000
794.0000000000 0.0000000000
794.1250000000 0.0000000000
794.2500000000 0.0000000000
794.3750000000 0.0000000000
794.5000000000 0.0000000000
794.6250000000 0.0000000000
794.7500000000 0.0000000000
794.8750000000 0.0000000000
795.0000000000 0.0000000000
795.1250000000 0.0000000000
795.2500000000 0.0000000000
795.3750000000 0.0000000000
795.5000000000 0.0000000000
795.6250000000 0.0000000000
795.7500000000 0.0000000000
795.8750000000 0.0000000000
796.0000000000 0.0000000000
796.1250000000 0.0000000000
796.2500000000 0.0000000000
796.3750000000 0.0000000000
796.5000000000 0.0000000000
796.6250000000 0.0000000000
796.7500000000 0.0000000000
796.8750000000 0.0000000000
797.0000000000 0.0000000000
797.1250000000 0.0000000000
797.2500000000 0.0000000000
797.3750000000 0.0000000000
797.5000000000 0.0000000000
797.6250000000 0.0000000000
797.7500000000 0.0000000000
797.8750000000 0.0000000000
798.0000000000 0.0000000000
798.1250000000 0.0000000000
798.2500000000 0.0000000000
798.3750000000 0.0000000000
798.5000000000 0.0000000000
798.6250000000 0.0000000000
798.7500000000 0.0000000000
798.8750000000 0.0000000000
799.0000000000 0.0000000000
799.1250000000 0.0000000000
799.2500000000 0.0000000000
799.3750000000 0.0000000000
799.5000000000 0.0000000000
799.6250000000 0.0000000000
799.7500000000 0.0000000000
799.8750000000 0.0000000000
